00000000: 11110011 00000011 00000000 00000001 01000001 00000000  ....A.
00000006: 00000000 00000000 00000000 00000000 00000000 00000000  ......
0000000c: 00000000 00000000 00000000 00000000 00000000 00000000  ......
00000012: 00000000 00000000 00000000 00000000 00000000 00000000  ......
00000018: 00000000 00000000 00000000 00000000 00000000 00000000  ......
0000001e: 00000000 00000000 00000000 00000000 00000000 00000000  ......
00000024: 00000000 00000000 00000000 00000000 00000000 00000000  ......
0000002a: 00000000 00000000 00000000 00000000 00000000 00000000  ......
00000030: 00000000 00000000 00000000 00000000 00000000 00000000  ......
00000036: 00000000 00000000 00000000 00000000 00000000 00000000  ......
0000003c: 00000000 00000000 00000000 00000000 00000000 00000000  ......
00000042: 00000000 00000000 00000000 00000000 00000000 00000000  ......
00000048: 00000000 00000000 00000000 00000000 00000000 00000000  ......
0000004e: 00000000 00000000 00000000 00000000 00000000 00000000  ......
00000054: 00000000 00000000 00000000 00000000 00000000 00000000  ......
0000005a: 00000000 00000000 00000000 00000000 00000000 00000000  ......
00000060: 00000000 00000000 00000000 00000000 00000000 00000000  ......
00000066: 00000000 00000000 00000000 00000000 00000000 00000000  ......
0000006c: 00000000 00000000 00000000 00000000 00000000 00000000  ......
00000072: 00000000 00000000 00000000 00000000 00000000 00000000  ......
00000078: 00000000 00000000 00000000 00000000 00000000 00000000  ......
0000007e: 00000000 00000000 00000000 00000000 00000000 00000000  ......
00000084: 00000000 00000000 00000000 00000000 00000000 00000000  ......
0000008a: 00000000 00000000 00000000 00000000 00000000 00000000  ......
00000090: 00000000 00000000 00000000 00000000 00000000 00000000  ......
00000096: 00000000 00000000 00000000 00000000 00000000 00000000  ......
0000009c: 00000000 00000000 00000000 00000000 00000000 00000000  ......
000000a2: 00000000 00000000 00000000 00000000 00000000 00000000  ......
000000a8: 00000000 00000000 00000000 00000000 00000000 00000000  ......
000000ae: 00000000 00000000 00000000 00000000 00000000 00000000  ......
000000b4: 00000000 00000000 00000000 00000000 00000000 00000000  ......
000000ba: 00000000 00000000 00000000 00000000 00000000 00000000  ......
000000c0: 00000000 00000000 00000000 00000000 00000000 00000000  ......
000000c6: 00000000 00000000 00000000 00000000 00000000 00000000  ......
000000cc: 00000000 00000000 00000000 00000000 00000000 00000000  ......
000000d2: 00000000 00000000 00000000 00000000 00000000 00000000  ......
000000d8: 00000000 00000000 00000000 00000000 00000000 00000000  ......
000000de: 00000000 00000000 00000000 00000000 00000000 00000000  ......
000000e4: 00000000 00000000 00000000 00000000 00000000 00000000  ......
000000ea: 00000000 00000000 00000000 00000000 00000000 00000000  ......
000000f0: 00000000 00000000 00000000 00000000 00000000 00000000  ......
000000f6: 00000000 00000000 00000000 00000000 00000000 00000000  ......
000000fc: 00000000 00000000 00000000 00000000 00000000 00000000  ......
00000102: 00000000 00000000 00000000 00000000 00000000 00000000  ......
00000108: 00000000 00000000 00000000 00000000 00000000 00000000  ......
0000010e: 00000000 00000000 00000000 00000000 00000000 00000000  ......
00000114: 00000000 00000000 00000000 00000000 00000000 00000000  ......
0000011a: 00000000 00000000 00000000 00000000 00000000 00000000  ......
00000120: 00000000 00000000 00000000 00000000 00000000 00000000  ......
00000126: 00000000 00000000 00000000 00000000 00000000 00000000  ......
0000012c: 00000000 00000000 00000000 00000000 00000000 00000000  ......
00000132: 00000000 00000000 00000000 00000000 00000000 00000000  ......
00000138: 00000000 00000000 00000000 00000000 00000000 00000000  ......
0000013e: 00000000 00000000 00000000 00000000 00000000 00000000  ......
00000144: 00000000 00000000 00000000 00000000 00000000 00000000  ......
0000014a: 00000000 00000000 00000000 00000000 00000000 00000000  ......
00000150: 00000000 00000000 00000000 00000000 00000000 00000000  ......
00000156: 00000000 00000000 00000000 00000000 00000000 00000000  ......
0000015c: 00000000 00000000 00000000 00000000 00000000 00000000  ......
00000162: 00000000 00000000 00000000 00000000 00000000 00000000  ......
00000168: 00000000 00000000 00000000 00000000 00000000 00000000  ......
0000016e: 00000000 00000000 00000000 00000000 00000000 00000000  ......
00000174: 00000000 00000000 00000000 00000000 00000000 00000000  ......
0000017a: 00000000 00000000 00000000 00000000 00000000 00000000  ......
00000180: 00000000 00000000 00000000 00000000 00000000 00000000  ......
00000186: 00000000 00000000 00000000 00000000 00000000 00000000  ......
0000018c: 00000000 00000000 00000000 00000000 00000000 00000000  ......
00000192: 00000000 00000000 00000000 00000000 00000000 00000000  ......
00000198: 00000000 00000000 00000000 00000000 00000000 00000000  ......
0000019e: 00000000 00000000 00000000 00000000 00000000 00000000  ......
000001a4: 00000000 00000000 00000000 00000000 00000000 00000000  ......
000001aa: 00000000 00000000 00000000 00000000 00000000 00000000  ......
000001b0: 00000000 00000000 00000000 00000000 00000000 00000000  ......
000001b6: 00000000 00000000 00000000 00000000 00000000 00000000  ......
000001bc: 00000000 00000000 00000000 00000000 00000000 00000000  ......
000001c2: 00000000 00000000 00000000 00000000 00000000 00000000  ......
000001c8: 00000000 00000000 00000000 00000000 00000000 00000000  ......
000001ce: 00000000 00000000 00000000 00000000 00000000 00000000  ......
000001d4: 00000000 00000000 00000000 00000000 00000000 00000000  ......
000001da: 00000000 00000000 00000000 00000000 00000000 00000000  ......
000001e0: 00000000 00000000 00000000 00000000 00000000 00000000  ......
000001e6: 00000000 00000000 00000000 00000000 00000000 00000000  ......
000001ec: 00000000 00000000 00000000 00000000 00000000 00000000  ......
000001f2: 00000000 00000000 00000000 00000000 00000000 00000000  ......
000001f8: 00000000 00000000 00000000 00000000 00000000 00000000  ......
000001fe: 00000000 00000000 00000000 00000000 00000000 00000000  ......
00000204: 00000000 00000000 00000000 00000000 00000000 00000000  ......
0000020a: 00000000 00000000 00000000 00000000 00000000 00000000  ......
00000210: 00000000 00000000 00000000 00000000 00000000 00000000  ......
00000216: 00000000 00000000 00000000 00000000 00000000 00000000  ......
0000021c: 00000000 00000000 00000000 00000000 00000000 00000000  ......
00000222: 00000000 00000000 00000000 00000000 00000000 00000000  ......
00000228: 00000000 00000000 00000000 00000000 00000000 00000000  ......
0000022e: 00000000 00000000 00000000 00000000 00000000 00000000  ......
00000234: 00000000 00000000 00000000 00000000 00000000 00000000  ......
0000023a: 00000000 00000000 00000000 00000000 00000000 00000000  ......
00000240: 00000000 00000000 00000000 00000000 00000000 00000000  ......
00000246: 00000000 00000000 00000000 00000000 00000000 00000000  ......
0000024c: 00000000 00000000 00000000 00000000 00000000 00000000  ......
00000252: 00000000 00000000 00000000 00000000 00000000 00000000  ......
00000258: 00000000 00000000 00000000 00000000 00000000 00000000  ......
0000025e: 00000000 00000000 00000000 00000000 00000000 00000000  ......
00000264: 00000000 00000000 00000000 00000000 00000000 00000000  ......
0000026a: 00000000 00000000 00000000 00000000 00000000 00000000  ......
00000270: 00000000 00000000 00000000 00000000 00000000 00000000  ......
00000276: 00000000 00000000 00000000 00000000 00000000 00000000  ......
0000027c: 00000000 00000000 00000000 00000000 00000000 00000000  ......
00000282: 00000000 00000000 00000000 00000000 00000000 00000000  ......
00000288: 00000000 00000000 00000000 00000000 00000000 00000000  ......
0000028e: 00000000 00000000 00000000 00000000 00000000 00000000  ......
00000294: 00000000 00000000 00000000 00000000 00000000 00000000  ......
0000029a: 00000000 00000000 00000000 00000000 00000000 00000000  ......
000002a0: 00000000 00000000 00000000 00000000 00000000 00000000  ......
000002a6: 00000000 00000000 00000000 00000000 00000000 00000000  ......
000002ac: 00000000 00000000 00000000 00000000 00000000 00000000  ......
000002b2: 00000000 00000000 00000000 00000000 00000000 00000000  ......
000002b8: 00000000 00000000 00000000 00000000 00000000 00000000  ......
000002be: 00000000 00000000 00000000 00000000 00000000 00000000  ......
000002c4: 00000000 00000000 00000000 00000000 00000000 00000000  ......
000002ca: 00000000 00000000 00000000 00000000 00000000 00000000  ......
000002d0: 00000000 00000000 00000000 00000000 00000000 00000000  ......
000002d6: 00000000 00000000 00000000 00000000 00000000 00000000  ......
000002dc: 00000000 00000000 00000000 00000000 00000000 00000000  ......
000002e2: 00000000 00000000 00000000 00000000 00000000 00000000  ......
000002e8: 00000000 00000000 00000000 00000000 00000000 00000000  ......
000002ee: 00000000 00000000 00000000 00000000 00000000 00000000  ......
000002f4: 00000000 00000000 00000000 00000000 00000000 00000000  ......
000002fa: 00000000 00000000 00000000 00000000 00000000 00000000  ......
00000300: 00000000 00000000 00000000 00000000 00000000 00000000  ......
00000306: 00000000 00000000 00000000 00000000 00000000 00000000  ......
0000030c: 00000000 00000000 00000000 00000000 00000000 00000000  ......
00000312: 00000000 00000000 00000000 00000000 00000000 00000000  ......
00000318: 00000000 00000000 00000000 00000000 00000000 00000000  ......
0000031e: 00000000 00000000 00000000 00000000 00000000 00000000  ......
00000324: 00000000 00000000 00000000 00000000 00000000 00000000  ......
0000032a: 00000000 00000000 00000000 00000000 00000000 00000000  ......
00000330: 00000000 00000000 00000000 00000000 00000000 00000000  ......
00000336: 00000000 00000000 00000000 00000000 00000000 00000000  ......
0000033c: 00000000 00000000 00000000 00000000 00000000 00000000  ......
00000342: 00000000 00000000 00000000 00000000 00000000 00000000  ......
00000348: 00000000 00000000 00000000 00000000 00000000 00000000  ......
0000034e: 00000000 00000000 00000000 00000000 00000000 00000000  ......
00000354: 00000000 00000000 00000000 00000000 00000000 00000000  ......
0000035a: 00000000 00000000 00000000 00000000 00000000 00000000  ......
00000360: 00000000 00000000 00000000 00000000 00000000 00000000  ......
00000366: 00000000 00000000 00000000 00000000 00000000 00000000  ......
0000036c: 00000000 00000000 00000000 00000000 00000000 00000000  ......
00000372: 00000000 00000000 00000000 00000000 00000000 00000000  ......
00000378: 00000000 00000000 00000000 00000000 00000000 00000000  ......
0000037e: 00000000 00000000 00000000 00000000 00000000 00000000  ......
00000384: 00000000 00000000 00000000 00000000 00000000 00000000  ......
0000038a: 00000000 00000000 00000000 00000000 00000000 00000000  ......
00000390: 00000000 00000000 00000000 00000000 00000000 00000000  ......
00000396: 00000000 00000000 00000000 00000000 00000000 00000000  ......
0000039c: 00000000 00000000 00000000 00000000 00000000 00000000  ......
000003a2: 00000000 00000000 00000000 00000000 00000000 00000000  ......
000003a8: 00000000 00000000 00000000 00000000 00000000 00000000  ......
000003ae: 00000000 00000000 00000000 00000000 00000000 00000000  ......
000003b4: 00000000 00000000 00000000 00000000 00000000 00000000  ......
000003ba: 00000000 00000000 00000000 00000000 00000000 00000000  ......
000003c0: 00000000 00000000 00000000 00000000 00000000 00000000  ......
000003c6: 00000000 00000000 00000000 00000000 00000000 00000000  ......
000003cc: 00000000 00000000 00000000 00000000 00000000 00000000  ......
000003d2: 00000000 00000000 00000000 00000000 00000000 00000000  ......
000003d8: 00000000 00000000 00000000 00000000 00000000 00000000  ......
000003de: 00000000 00000000 00000000 00000000 00000000 00000000  ......
000003e4: 00000000 00000000 00000000 00000000 00000000 00000000  ......
000003ea: 00000000 00000000 00000000 00000000 00000000 00000000  ......
000003f0: 11110011 00000011 00000000 00000010 00000000 00000000  ......
000003f6: 00000000 00000000 00000000 00000000 00000000 00000000  ......
000003fc: 00000000 00000000 00000000 00000000 00000000 00000000  ......
00000402: 00000000 00000000 00000000 00000000 00000000 00000000  ......
00000408: 00000000 00000000 00000000 00000000 00000000 00000000  ......
0000040e: 00000000 00000000 00000000 00000000 00000000 00000000  ......
00000414: 00000000 00000000 00000000 00000000 00000000 00000000  ......
0000041a: 00000000 00000000 00000000 00000000 00000000 00000000  ......
00000420: 00000000 00000000 00000000 00000000 00000000 00000000  ......
00000426: 00000000 00000000 00000000 00000000 00000000 00000000  ......
0000042c: 00000000 00000000 00000000 00000000 00000000 00000000  ......
00000432: 00000000 00000000 00000000 00000000 00000000 00000000  ......
00000438: 00000000 00000000 00000000 00000000 00000000 00000000  ......
0000043e: 00000000 00000000 00000000 00000000 00000000 00000000  ......
00000444: 00000000 00000000 00000000 00000000 00000000 00000000  ......
0000044a: 00000000 00000000 00000000 00000000 00000000 00000000  ......
00000450: 00000000 00000000 00000000 00000000 00000000 00000000  ......
00000456: 00000000 00000000 00000000 00000000 00000000 00000000  ......
0000045c: 00000000 00000000 00000000 00000000 00000000 00000000  ......
00000462: 00000000 00000000 00000000 00000000 00000000 00000000  ......
00000468: 00000000 00000000 00000000 00000000 00000000 00000000  ......
0000046e: 00000000 00000000 00000000 00000000 00000000 00000000  ......
00000474: 00000000 00000000 00000000 00000000 00000000 00000000  ......
0000047a: 00000000 00000000 00000000 00000000 00000000 00000000  ......
00000480: 00000000 00000000 00000000 00000000 00000000 00000000  ......
00000486: 00000000 00000000 00000000 00000000 00000000 00000000  ......
0000048c: 00000000 00000000 00000000 00000000 00000000 00000000  ......
00000492: 00000000 00000000 00000000 00000000 00000000 00000000  ......
00000498: 00000000 00000000 00000000 00000000 00000000 00000000  ......
0000049e: 00000000 00000000 00000000 00000000 00000000 00000000  ......
000004a4: 00000000 00000000 00000000 00000000 00000000 00000000  ......
000004aa: 00000000 00000000 00000000 00000000 00000000 00000000  ......
000004b0: 00000000 00000000 00000000 00000000 00000000 00000000  ......
000004b6: 00000000 00000000 00000000 00000000 00000000 00000000  ......
000004bc: 00000000 00000000 00000000 00000000 00000000 00000000  ......
000004c2: 00000000 00000000 00000000 00000000 00000000 00000000  ......
000004c8: 00000000 00000000 00000000 00000000 00000000 00000000  ......
000004ce: 00000000 00000000 00000000 00000000 00000000 00000000  ......
000004d4: 00000000 00000000 00000000 00000000 00000000 00000000  ......
000004da: 00000000 00000000 00000000 00000000 00000000 00000000  ......
000004e0: 00000000 00000000 00000000 00000000 00000000 00000000  ......
000004e6: 00000000 00000000 00000000 00000000 00000000 00000000  ......
000004ec: 00000000 00000000 00000000 00000000 00000000 00000000  ......
000004f2: 00000000 00000000 00000000 00000000 00000000 00000000  ......
000004f8: 00000000 00000000 00000000 00000000 00000000 00000000  ......
000004fe: 00000000 00000000 00000000 00000000 00000000 00000000  ......
00000504: 00000000 00000000 00000000 00000000 00000000 00000000  ......
0000050a: 00000000 00000000 00000000 00000000 00000000 00000000  ......
00000510: 00000000 00000000 00000000 00000000 00000000 00000000  ......
00000516: 00000000 00000000 00000000 00000000 00000000 00000000  ......
0000051c: 00000000 00000000 00000000 00000000 00000000 00000000  ......
00000522: 00000000 00000000 00000000 00000000 00000000 00000000  ......
00000528: 00000000 00000000 00000000 00000000 00000000 00000000  ......
0000052e: 00000000 00000000 00000000 00000000 00000000 00000000  ......
00000534: 00000000 00000000 00000000 00000000 00000000 00000000  ......
0000053a: 00000000 00000000 00000000 00000000 00000000 00000000  ......
00000540: 00000000 00000000 00000000 00000000 00000000 00000000  ......
00000546: 00000000 00000000 00000000 00000000 00000000 00000000  ......
0000054c: 00000000 00000000 00000000 00000000 00000000 00000000  ......
00000552: 00000000 00000000 00000000 00000000 00000000 00000000  ......
00000558: 00000000 00000000 00000000 00000000 00000000 00000000  ......
0000055e: 00000000 00000000 00000000 00000000 00000000 00000000  ......
00000564: 00000000 00000000 00000000 00000000 00000000 00000000  ......
0000056a: 00000000 00000000 00000000 00000000 00000000 00000000  ......
00000570: 00000000 00000000 00000000 00000000 00000000 00000000  ......
00000576: 00000000 00000000 00000000 00000000 00000000 00000000  ......
0000057c: 00000000 00000000 00000000 00000000 00000000 00000000  ......
00000582: 00000000 00000000 00000000 00000000 00000000 00000000  ......
00000588: 00000000 00000000 00000000 00000000 00000000 00000000  ......
0000058e: 00000000 00000000 00000000 00000000 00000000 00000000  ......
00000594: 00000000 00000000 00000000 00000000 00000000 00000000  ......
0000059a: 00000000 00000000 00000000 00000000 00000000 00000000  ......
000005a0: 00000000 00000000 00000000 00000000 00000000 00000000  ......
000005a6: 00000000 00000000 00000000 00000000 00000000 00000000  ......
000005ac: 00000000 00000000 00000000 00000000 00000000 00000000  ......
000005b2: 00000000 00000000 00000000 00000000 00000000 00000000  ......
000005b8: 00000000 00000000 00000000 00000000 00000000 00000000  ......
000005be: 00000000 00000000 00000000 00000000 00000000 00000000  ......
000005c4: 00000000 00000000 00000000 00000000 00000000 00000000  ......
000005ca: 00000000 00000000 00000000 00000000 00000000 00000000  ......
000005d0: 00000000 00000000 00000000 00000000 00000000 00000000  ......
000005d6: 00000000 00000000 00000000 00000000 00000000 00000000  ......
000005dc: 00000000 00000000 00000000 00000000 00000000 00000000  ......
000005e2: 00000000 00000000 00000000 00000000 00000000 00000000  ......
000005e8: 00000000 00000000 00000000 00000000 00000000 00000000  ......
000005ee: 00000000 00000000 00000000 00000000 00000000 00000000  ......
000005f4: 00000000 00000000 00000000 00000000 00000000 00000000  ......
000005fa: 00000000 00000000 00000000 00000000 00000000 00000000  ......
00000600: 00000000 00000000 00000000 00000000 00000000 00000000  ......
00000606: 00000000 00000000 00000000 00000000 00000000 00000000  ......
0000060c: 00000000 00000000 00000000 00000000 00000000 00000000  ......
00000612: 00000000 00000000 00000000 00000000 00000000 00000000  ......
00000618: 00000000 00000000 00000000 00000000 00000000 00000000  ......
0000061e: 00000000 00000000 00000000 00000000 00000000 00000000  ......
00000624: 00000000 00000000 00000000 00000000 00000000 00000000  ......
0000062a: 00000000 00000000 00000000 00000000 00000000 00000000  ......
00000630: 00000000 00000000 00000000 00000000 00000000 00000000  ......
00000636: 00000000 00000000 00000000 00000000 00000000 00000000  ......
0000063c: 00000000 00000000 00000000 00000000 00000000 00000000  ......
00000642: 00000000 00000000 00000000 00000000 00000000 00000000  ......
00000648: 00000000 00000000 00000000 00000000 00000000 00000000  ......
0000064e: 00000000 00000000 00000000 00000000 00000000 00000000  ......
00000654: 00000000 00000000 00000000 00000000 00000000 00000000  ......
0000065a: 00000000 00000000 00000000 00000000 00000000 00000000  ......
00000660: 00000000 00000000 00000000 00000000 00000000 00000000  ......
00000666: 00000000 00000000 00000000 00000000 00000000 00000000  ......
0000066c: 00000000 00000000 00000000 00000000 00000000 00000000  ......
00000672: 00000000 00000000 00000000 00000000 00000000 00000000  ......
00000678: 00000000 00000000 00000000 00000000 00000000 00000000  ......
0000067e: 00000000 00000000 00000000 00000000 00000000 00000000  ......
00000684: 00000000 00000000 00000000 00000000 00000000 00000000  ......
0000068a: 00000000 00000000 00000000 00000000 00000000 00000000  ......
00000690: 00000000 00000000 00000000 00000000 00000000 00000000  ......
00000696: 00000000 00000000 00000000 00000000 00000000 00000000  ......
0000069c: 00000000 00000000 00000000 00000000 00000000 00000000  ......
000006a2: 00000000 00000000 00000000 00000000 00000000 00000000  ......
000006a8: 00000000 00000000 00000000 00000000 00000000 00000000  ......
000006ae: 00000000 00000000 00000000 00000000 00000000 00000000  ......
000006b4: 00000000 00000000 00000000 00000000 00000000 00000000  ......
000006ba: 00000000 00000000 00000000 00000000 00000000 00000000  ......
000006c0: 00000000 00000000 00000000 00000000 00000000 00000000  ......
000006c6: 00000000 00000000 00000000 00000000 00000000 00000000  ......
000006cc: 00000000 00000000 00000000 00000000 00000000 00000000  ......
000006d2: 00000000 00000000 00000000 00000000 00000000 00000000  ......
000006d8: 00000000 00000000 00000000 00000000 00000000 00000000  ......
000006de: 00000000 00000000 00000000 00000000 00000000 00000000  ......
000006e4: 00000000 00000000 00000000 00000000 00000000 00000000  ......
000006ea: 00000000 00000000 00000000 00000000 00000000 00000000  ......
000006f0: 00000000 00000000 00000000 00000000 00000000 00000000  ......
000006f6: 00000000 00000000 00000000 00000000 00000000 00000000  ......
000006fc: 00000000 00000000 00000000 00000000 00000000 00000000  ......
00000702: 00000000 00000000 00000000 00000000 00000000 00000000  ......
00000708: 00000000 00000000 00000000 00000000 00000000 00000000  ......
0000070e: 00000000 00000000 00000000 00000000 00000000 00000000  ......
00000714: 00000000 00000000 00000000 00000000 00000000 00000000  ......
0000071a: 00000000 00000000 00000000 00000000 00000000 00000000  ......
00000720: 00000000 00000000 00000000 00000000 00000000 00000000  ......
00000726: 00000000 00000000 00000000 00000000 00000000 00000000  ......
0000072c: 00000000 00000000 00000000 00000000 00000000 00000000  ......
00000732: 00000000 00000000 00000000 00000000 00000000 00000000  ......
00000738: 00000000 00000000 00000000 00000000 00000000 00000000  ......
0000073e: 00000000 00000000 00000000 00000000 00000000 00000000  ......
00000744: 00000000 00000000 00000000 00000000 00000000 00000000  ......
0000074a: 00000000 00000000 00000000 00000000 00000000 00000000  ......
00000750: 00000000 00000000 00000000 00000000 00000000 00000000  ......
00000756: 00000000 00000000 00000000 00000000 00000000 00000000  ......
0000075c: 00000000 00000000 00000000 00000000 00000000 00000000  ......
00000762: 00000000 00000000 00000000 00000000 00000000 00000000  ......
00000768: 00000000 00000000 00000000 00000000 00000000 00000000  ......
0000076e: 00000000 00000000 00000000 00000000 00000000 00000000  ......
00000774: 00000000 00000000 00000000 00000000 00000000 00000000  ......
0000077a: 00000000 00000000 00000000 00000000 00000000 00000000  ......
00000780: 00000000 00000000 00000000 00000000 00000000 00000000  ......
00000786: 00000000 00000000 00000000 00000000 00000000 00000000  ......
0000078c: 00000000 00000000 00000000 00000000 00000000 00000000  ......
00000792: 00000000 00000000 00000000 00000000 00000000 00000000  ......
00000798: 00000000 00000000 00000000 00000000 00000000 00000000  ......
0000079e: 00000000 00000000 00000000 00000000 00000000 00000000  ......
000007a4: 00000000 00000000 00000000 00000000 00000000 00000000  ......
000007aa: 00000000 00000000 00000000 00000000 00000000 00000000  ......
000007b0: 00000000 00000000 00000000 00000000 00000000 00000000  ......
000007b6: 00000000 00000000 00000000 00000000 00000000 00000000  ......
000007bc: 00000000 00000000 00000000 00000000 00000000 00000000  ......
000007c2: 00000000 00000000 00000000 00000000 00000000 00000000  ......
000007c8: 00000000 00000000 00000000 00000000 00000000 00000000  ......
000007ce: 00000000 00000000 00000000 00000000 00000000 00000000  ......
000007d4: 00000000 00000000 00000000 00000000 00000000 00000000  ......
000007da: 00000000 00000000 00000000 00000000 00000000 00000000  ......
000007e0: 11110011 00000011 00000000 00000011 00000000 00000000  ......
000007e6: 00000000 00000000 00000000 00000000 00000000 00000000  ......
000007ec: 00000000 00000000 00000000 00000000 00000000 00000000  ......
000007f2: 00000000 00000000 00000000 00000000 00000000 00000000  ......
000007f8: 00000000 00000000 00000000 00000000 00000000 00000000  ......
000007fe: 00000000 00000000 00000000 00000000 00000000 00000000  ......
00000804: 00000000 00000000 00000000 00000000 00000000 00000000  ......
0000080a: 00000000 00000000 00000000 00000000 00000000 00000000  ......
00000810: 00000000 00000000 00000000 00000000 00000000 00000000  ......
00000816: 00000000 00000000 00000000 00000000 00000000 00000000  ......
0000081c: 00000000 00000000 00000000 00000000 00000000 00000000  ......
00000822: 00000000 00000000 00000000 00000000 00000000 00000000  ......
00000828: 00000000 00000000 00000000 00000000 00000000 00000000  ......
0000082e: 00000000 00000000 00000000 00000000 00000000 00000000  ......
00000834: 00000000 00000000 00000000 00000000 00000000 00000000  ......
0000083a: 00000000 00000000 00000000 00000000 00000000 00000000  ......
00000840: 00000000 00000000 00000000 00000000 00000000 00000000  ......
00000846: 00000000 00000000 00000000 00000000 00000000 00000000  ......
0000084c: 00000000 00000000 00000000 00000000 00000000 00000000  ......
00000852: 00000000 00000000 00000000 00000000 00000000 00000000  ......
00000858: 00000000 00000000 00000000 00000000 00000000 00000000  ......
0000085e: 00000000 00000000 00000000 00000000 00000000 00000000  ......
00000864: 00000000 00000000 00000000 00000000 00000000 00000000  ......
0000086a: 00000000 00000000 00000000 00000000 00000000 00000000  ......
00000870: 00000000 00000000 00000000 00000000 00000000 00000000  ......
00000876: 00000000 00000000 00000000 00000000 00000000 00000000  ......
0000087c: 00000000 00000000 00000000 00000000 00000000 00000000  ......
00000882: 00000000 00000000 00000000 00000000 00000000 00000000  ......
00000888: 00000000 00000000 00000000 00000000 00000000 00000000  ......
0000088e: 00000000 00000000 00000000 00000000 00000000 00000000  ......
00000894: 00000000 00000000 00000000 00000000 00000000 00000000  ......
0000089a: 00000000 00000000 00000000 00000000 00000000 00000000  ......
000008a0: 00000000 00000000 00000000 00000000 00000000 00000000  ......
000008a6: 00000000 00000000 00000000 00000000 00000000 00000000  ......
000008ac: 00000000 00000000 00000000 00000000 00000000 00000000  ......
000008b2: 00000000 00000000 00000000 00000000 00000000 00000000  ......
000008b8: 00000000 00000000 00000000 00000000 00000000 00000000  ......
000008be: 00000000 00000000 00000000 00000000 00000000 00000000  ......
000008c4: 00000000 00000000 00000000 00000000 00000000 00000000  ......
000008ca: 00000000 00000000 00000000 00000000 00000000 00000000  ......
000008d0: 00000000 00000000 00000000 00000000 00000000 00000000  ......
000008d6: 00000000 00000000 00000000 00000000 00000000 00000000  ......
000008dc: 00000000 00000000 00000000 00000000 00000000 00000000  ......
000008e2: 00000000 00000000 00000000 00000000 00000000 00000000  ......
000008e8: 00000000 00000000 00000000 00000000 00000000 00000000  ......
000008ee: 00000000 00000000 00000000 00000000 00000000 00000000  ......
000008f4: 00000000 00000000 00000000 00000000 00000000 00000000  ......
000008fa: 00000000 00000000 00000000 00000000 00000000 00000000  ......
00000900: 00000000 00000000 00000000 00000000 00000000 00000000  ......
00000906: 00000000 00000000 00000000 00000000 00000000 00000000  ......
0000090c: 00000000 00000000 00000000 00000000 00000000 00000000  ......
00000912: 00000000 00000000 00000000 00000000 00000000 00000000  ......
00000918: 00000000 00000000 00000000 00000000 00000000 00000000  ......
0000091e: 00000000 00000000 00000000 00000000 00000000 00000000  ......
00000924: 00000000 00000000 00000000 00000000 00000000 00000000  ......
0000092a: 00000000 00000000 00000000 00000000 00000000 00000000  ......
00000930: 00000000 00000000 00000000 00000000 00000000 00000000  ......
00000936: 00000000 00000000 00000000 00000000 00000000 00000000  ......
0000093c: 00000000 00000000 00000000 00000000 00000000 00000000  ......
00000942: 00000000 00000000 00000000 00000000 00000000 00000000  ......
00000948: 00000000 00000000 00000000 00000000 00000000 00000000  ......
0000094e: 00000000 00000000 00000000 00000000 00000000 00000000  ......
00000954: 00000000 00000000 00000000 00000000 00000000 00000000  ......
0000095a: 00000000 00000000 00000000 00000000 00000000 00000000  ......
00000960: 00000000 00000000 00000000 00000000 00000000 00000000  ......
00000966: 00000000 00000000 00000000 00000000 00000000 00000000  ......
0000096c: 00000000 00000000 00000000 00000000 00000000 00000000  ......
00000972: 00000000 00000000 00000000 00000000 00000000 00000000  ......
00000978: 00000000 00000000 00000000 00000000 00000000 00000000  ......
0000097e: 00000000 00000000 00000000 00000000 00000000 00000000  ......
00000984: 00000000 00000000 00000000 00000000 00000000 00000000  ......
0000098a: 00000000 00000000 00000000 00000000 00000000 00000000  ......
00000990: 00000000 00000000 00000000 00000000 00000000 00000000  ......
00000996: 00000000 00000000 00000000 00000000 00000000 00000000  ......
0000099c: 00000000 00000000 00000000 00000000 00000000 00000000  ......
000009a2: 00000000 00000000 00000000 00000000 00000000 00000000  ......
000009a8: 00000000 00000000 00000000 00000000 00000000 00000000  ......
000009ae: 00000000 00000000 00000000 00000000 00000000 00000000  ......
000009b4: 00000000 00000000 00000000 00000000 00000000 00000000  ......
000009ba: 00000000 00000000 00000000 00000000 00000000 00000000  ......
000009c0: 00000000 00000000 00000000 00000000 00000000 00000000  ......
000009c6: 00000000 00000000 00000000 00000000 00000000 00000000  ......
000009cc: 00000000 00000000 00000000 00000000 00000000 00000000  ......
000009d2: 00000000 00000000 00000000 00000000 00000000 00000000  ......
000009d8: 00000000 00000000 00000000 00000000 00000000 00000000  ......
000009de: 00000000 00000000 00000000 00000000 00000000 00000000  ......
000009e4: 00000000 00000000 00000000 00000000 00000000 00000000  ......
000009ea: 00000000 00000000 00000000 00000000 00000000 00000000  ......
000009f0: 00000000 00000000 00000000 00000000 00000000 00000000  ......
000009f6: 00000000 00000000 00000000 00000000 00000000 00000000  ......
000009fc: 00000000 00000000 00000000 00000000 00000000 00000000  ......
00000a02: 00000000 00000000 00000000 00000000 00000000 00000000  ......
00000a08: 00000000 00000000 00000000 00000000 00000000 00000000  ......
00000a0e: 00000000 00000000 00000000 00000000 00000000 00000000  ......
00000a14: 00000000 00000000 00000000 00000000 00000000 00000000  ......
00000a1a: 00000000 00000000 00000000 00000000 00000000 00000000  ......
00000a20: 00000000 00000000 00000000 00000000 00000000 00000000  ......
00000a26: 00000000 00000000 00000000 00000000 00000000 00000000  ......
00000a2c: 00000000 00000000 00000000 00000000 00000000 00000000  ......
00000a32: 00000000 00000000 00000000 00000000 00000000 00000000  ......
00000a38: 00000000 00000000 00000000 00000000 00000000 00000000  ......
00000a3e: 00000000 00000000 00000000 00000000 00000000 00000000  ......
00000a44: 00000000 00000000 00000000 00000000 00000000 00000000  ......
00000a4a: 00000000 00000000 00000000 00000000 00000000 00000000  ......
00000a50: 00000000 00000000 00000000 00000000 00000000 00000000  ......
00000a56: 00000000 00000000 00000000 00000000 00000000 00000000  ......
00000a5c: 00000000 00000000 00000000 00000000 00000000 00000000  ......
00000a62: 00000000 00000000 00000000 00000000 00000000 00000000  ......
00000a68: 00000000 00000000 00000000 00000000 00000000 00000000  ......
00000a6e: 00000000 00000000 00000000 00000000 00000000 00000000  ......
00000a74: 00000000 00000000 00000000 00000000 00000000 00000000  ......
00000a7a: 00000000 00000000 00000000 00000000 00000000 00000000  ......
00000a80: 00000000 00000000 00000000 00000000 00000000 00000000  ......
00000a86: 00000000 00000000 00000000 00000000 00000000 00000000  ......
00000a8c: 00000000 00000000 00000000 00000000 00000000 00000000  ......
00000a92: 00000000 00000000 00000000 00000000 00000000 00000000  ......
00000a98: 00000000 00000000 00000000 00000000 00000000 00000000  ......
00000a9e: 00000000 00000000 00000000 00000000 00000000 00000000  ......
00000aa4: 00000000 00000000 00000000 00000000 00000000 00000000  ......
00000aaa: 00000000 00000000 00000000 00000000 00000000 00000000  ......
00000ab0: 00000000 00000000 00000000 00000000 00000000 00000000  ......
00000ab6: 00000000 00000000 00000000 00000000 00000000 00000000  ......
00000abc: 00000000 00000000 00000000 00000000 00000000 00000000  ......
00000ac2: 00000000 00000000 00000000 00000000 00000000 00000000  ......
00000ac8: 00000000 00000000 00000000 00000000 00000000 00000000  ......
00000ace: 00000000 00000000 00000000 00000000 00000000 00000000  ......
00000ad4: 00000000 00000000 00000000 00000000 00000000 00000000  ......
00000ada: 00000000 00000000 00000000 00000000 00000000 00000000  ......
00000ae0: 00000000 00000000 00000000 00000000 00000000 00000000  ......
00000ae6: 00000000 00000000 00000000 00000000 00000000 00000000  ......
00000aec: 00000000 00000000 00000000 00000000 00000000 00000000  ......
00000af2: 00000000 00000000 00000000 00000000 00000000 00000000  ......
00000af8: 00000000 00000000 00000000 00000000 00000000 00000000  ......
00000afe: 00000000 00000000 00000000 00000000 00000000 00000000  ......
00000b04: 00000000 00000000 00000000 00000000 00000000 00000000  ......
00000b0a: 00000000 00000000 00000000 00000000 00000000 00000000  ......
00000b10: 00000000 00000000 00000000 00000000 00000000 00000000  ......
00000b16: 00000000 00000000 00000000 00000000 00000000 00000000  ......
00000b1c: 00000000 00000000 00000000 00000000 00000000 00000000  ......
00000b22: 00000000 00000000 00000000 00000000 00000000 00000000  ......
00000b28: 00000000 00000000 00000000 00000000 00000000 00000000  ......
00000b2e: 00000000 00000000 00000000 00000000 00000000 00000000  ......
00000b34: 00000000 00000000 00000000 00000000 00000000 00000000  ......
00000b3a: 00000000 00000000 00000000 00000000 00000000 00000000  ......
00000b40: 00000000 00000000 00000000 00000000 00000000 00000000  ......
00000b46: 00000000 00000000 00000000 00000000 00000000 00000000  ......
00000b4c: 00000000 00000000 00000000 00000000 00000000 00000000  ......
00000b52: 00000000 00000000 00000000 00000000 00000000 00000000  ......
00000b58: 00000000 00000000 00000000 00000000 00000000 00000000  ......
00000b5e: 00000000 00000000 00000000 00000000 00000000 00000000  ......
00000b64: 00000000 00000000 00000000 00000000 00000000 00000000  ......
00000b6a: 00000000 00000000 00000000 00000000 00000000 00000000  ......
00000b70: 00000000 00000000 00000000 00000000 00000000 00000000  ......
00000b76: 00000000 00000000 00000000 00000000 00000000 00000000  ......
00000b7c: 00000000 00000000 00000000 00000000 00000000 00000000  ......
00000b82: 00000000 00000000 00000000 00000000 00000000 00000000  ......
00000b88: 00000000 00000000 00000000 00000000 00000000 00000000  ......
00000b8e: 00000000 00000000 00000000 00000000 00000000 00000000  ......
00000b94: 00000000 00000000 00000000 00000000 00000000 00000000  ......
00000b9a: 00000000 00000000 00000000 00000000 00000000 00000000  ......
00000ba0: 00000000 00000000 00000000 00000000 00000000 00000000  ......
00000ba6: 00000000 00000000 00000000 00000000 00000000 00000000  ......
00000bac: 00000000 00000000 00000000 00000000 00000000 00000000  ......
00000bb2: 00000000 00000000 00000000 00000000 00000000 00000000  ......
00000bb8: 00000000 00000000 00000000 00000000 00000000 00000000  ......
00000bbe: 00000000 00000000 00000000 00000000 00000000 00000000  ......
00000bc4: 00000000 00000000 00000000 00000000 00000000 00000000  ......
00000bca: 00000000 00000000 00000000 00000000 00000000 00000000  ......
00000bd0: 11110011 00000011 00000000 00000100 00000000 00000000  ......
00000bd6: 00000000 00000000 00000000 00000000 00000000 00000000  ......
00000bdc: 00000000 00000000 00000000 00000000 00000000 00000000  ......
00000be2: 00000000 00000000 00000000 00000000 00000000 00000000  ......
00000be8: 00000000 00000000 00000000 00000000 00000000 00000000  ......
00000bee: 00000000 00000000 00000000 00000000 00000000 00000000  ......
00000bf4: 00000000 00000000 00000000 00000000 00000000 00000000  ......
00000bfa: 00000000 00000000 00000000 00000000 00000000 00000000  ......
00000c00: 00000000 00000000 00000000 00000000 00000000 00000000  ......
00000c06: 00000000 00000000 00000000 00000000 00000000 00000000  ......
00000c0c: 00000000 00000000 00000000 00000000 00000000 00000000  ......
00000c12: 00000000 00000000 00000000 00000000 00000000 00000000  ......
00000c18: 00000000 00000000 00000000 00000000 00000000 00000000  ......
00000c1e: 00000000 00000000 00000000 00000000 00000000 00000000  ......
00000c24: 00000000 00000000 00000000 00000000 00000000 00000000  ......
00000c2a: 00000000 00000000 00000000 00000000 00000000 00000000  ......
00000c30: 00000000 00000000 00000000 00000000 00000000 00000000  ......
00000c36: 00000000 00000000 00000000 00000000 00000000 00000000  ......
00000c3c: 00000000 00000000 00000000 00000000 00000000 00000000  ......
00000c42: 00000000 00000000 00000000 00000000 00000000 00000000  ......
00000c48: 00000000 00000000 00000000 00000000 00000000 00000000  ......
00000c4e: 00000000 00000000 00000000 00000000 00000000 00000000  ......
00000c54: 00000000 00000000 00000000 00000000 00000000 00000000  ......
00000c5a: 00000000 00000000 00000000 00000000 00000000 00000000  ......
00000c60: 00000000 00000000 00000000 00000000 00000000 00000000  ......
00000c66: 00000000 00000000 00000000 00000000 00000000 00000000  ......
00000c6c: 00000000 00000000 00000000 00000000 00000000 00000000  ......
00000c72: 00000000 00000000 00000000 00000000 00000000 00000000  ......
00000c78: 00000000 00000000 00000000 00000000 00000000 00000000  ......
00000c7e: 00000000 00000000 00000000 00000000 00000000 00000000  ......
00000c84: 00000000 00000000 00000000 00000000 00000000 00000000  ......
00000c8a: 00000000 00000000 00000000 00000000 00000000 00000000  ......
00000c90: 00000000 00000000 00000000 00000000 00000000 00000000  ......
00000c96: 00000000 00000000 00000000 00000000 00000000 00000000  ......
00000c9c: 00000000 00000000 00000000 00000000 00000000 00000000  ......
00000ca2: 00000000 00000000 00000000 00000000 00000000 00000000  ......
00000ca8: 00000000 00000000 00000000 00000000 00000000 00000000  ......
00000cae: 00000000 00000000 00000000 00000000 00000000 00000000  ......
00000cb4: 00000000 00000000 00000000 00000000 00000000 00000000  ......
00000cba: 00000000 00000000 00000000 00000000 00000000 00000000  ......
00000cc0: 00000000 00000000 00000000 00000000 00000000 00000000  ......
00000cc6: 00000000 00000000 00000000 00000000 00000000 00000000  ......
00000ccc: 00000000 00000000 00000000 00000000 00000000 00000000  ......
00000cd2: 00000000 00000000 00000000 00000000 00000000 00000000  ......
00000cd8: 00000000 00000000 00000000 00000000 00000000 00000000  ......
00000cde: 00000000 00000000 00000000 00000000 00000000 00000000  ......
00000ce4: 00000000 00000000 00000000 00000000 00000000 00000000  ......
00000cea: 00000000 00000000 00000000 00000000 00000000 00000000  ......
00000cf0: 00000000 00000000 00000000 00000000 00000000 00000000  ......
00000cf6: 00000000 00000000 00000000 00000000 00000000 00000000  ......
00000cfc: 00000000 00000000 00000000 00000000 00000000 00000000  ......
00000d02: 00000000 00000000 00000000 00000000 00000000 00000000  ......
00000d08: 00000000 00000000 00000000 00000000 00000000 00000000  ......
00000d0e: 00000000 00000000 00000000 00000000 00000000 00000000  ......
00000d14: 00000000 00000000 00000000 00000000 00000000 00000000  ......
00000d1a: 00000000 00000000 00000000 00000000 00000000 00000000  ......
00000d20: 00000000 00000000 00000000 00000000 00000000 00000000  ......
00000d26: 00000000 00000000 00000000 00000000 00000000 00000000  ......
00000d2c: 00000000 00000000 00000000 00000000 00000000 00000000  ......
00000d32: 00000000 00000000 00000000 00000000 00000000 00000000  ......
00000d38: 00000000 00000000 00000000 00000000 00000000 00000000  ......
00000d3e: 00000000 00000000 00000000 00000000 00000000 00000000  ......
00000d44: 00000000 00000000 00000000 00000000 00000000 00000000  ......
00000d4a: 00000000 00000000 00000000 00000000 00000000 00000000  ......
00000d50: 00000000 00000000 00000000 00000000 00000000 00000000  ......
00000d56: 00000000 00000000 00000000 00000000 00000000 00000000  ......
00000d5c: 00000000 00000000 00000000 00000000 00000000 00000000  ......
00000d62: 00000000 00000000 00000000 00000000 00000000 00000000  ......
00000d68: 00000000 00000000 00000000 00000000 00000000 00000000  ......
00000d6e: 00000000 00000000 00000000 00000000 00000000 00000000  ......
00000d74: 00000000 00000000 00000000 00000000 00000000 00000000  ......
00000d7a: 00000000 00000000 00000000 00000000 00000000 00000000  ......
00000d80: 00000000 00000000 00000000 00000000 00000000 00000000  ......
00000d86: 00000000 00000000 00000000 00000000 00000000 00000000  ......
00000d8c: 00000000 00000000 00000000 00000000 00000000 00000000  ......
00000d92: 00000000 00000000 00000000 00000000 00000000 00000000  ......
00000d98: 00000000 00000000 00000000 00000000 00000000 00000000  ......
00000d9e: 00000000 00000000 00000000 00000000 00000000 00000000  ......
00000da4: 00000000 00000000 00000000 00000000 00000000 00000000  ......
00000daa: 00000000 00000000 00000000 00000000 00000000 00000000  ......
00000db0: 00000000 00000000 00000000 00000000 00000000 00000000  ......
00000db6: 00000000 00000000 00000000 00000000 00000000 00000000  ......
00000dbc: 00000000 00000000 00000000 00000000 00000000 00000000  ......
00000dc2: 00000000 00000000 00000000 00000000 00000000 00000000  ......
00000dc8: 00000000 00000000 00000000 00000000 00000000 00000000  ......
00000dce: 00000000 00000000 00000000 00000000 00000000 00000000  ......
00000dd4: 00000000 00000000 00000000 00000000 00000000 00000000  ......
00000dda: 00000000 00000000 00000000 00000000 00000000 00000000  ......
00000de0: 00000000 00000000 00000000 00000000 00000000 00000000  ......
00000de6: 00000000 00000000 00000000 00000000 00000000 00000000  ......
00000dec: 00000000 00000000 00000000 00000000 00000000 00000000  ......
00000df2: 00000000 00000000 00000000 00000000 00000000 00000000  ......
00000df8: 00000000 00000000 00000000 00000000 00000000 00000000  ......
00000dfe: 00000000 00000000 00000000 00000000 00000000 00000000  ......
00000e04: 00000000 00000000 00000000 00000000 00000000 00000000  ......
00000e0a: 00000000 00000000 00000000 00000000 00000000 00000000  ......
00000e10: 00000000 00000000 00000000 00000000 00000000 00000000  ......
00000e16: 00000000 00000000 00000000 00000000 00000000 00000000  ......
00000e1c: 00000000 00000000 00000000 00000000 00000000 00000000  ......
00000e22: 00000000 00000000 00000000 00000000 00000000 00000000  ......
00000e28: 00000000 00000000 00000000 00000000 00000000 00000000  ......
00000e2e: 00000000 00000000 00000000 00000000 00000000 00000000  ......
00000e34: 00000000 00000000 00000000 00000000 00000000 00000000  ......
00000e3a: 00000000 00000000 00000000 00000000 00000000 00000000  ......
00000e40: 00000000 00000000 00000000 00000000 00000000 00000000  ......
00000e46: 00000000 00000000 00000000 00000000 00000000 00000000  ......
00000e4c: 00000000 00000000 00000000 00000000 00000000 00000000  ......
00000e52: 00000000 00000000 00000000 00000000 00000000 00000000  ......
00000e58: 00000000 00000000 00000000 00000000 00000000 00000000  ......
00000e5e: 00000000 00000000 00000000 00000000 00000000 00000000  ......
00000e64: 00000000 00000000 00000000 00000000 00000000 00000000  ......
00000e6a: 00000000 00000000 00000000 00000000 00000000 00000000  ......
00000e70: 00000000 00000000 00000000 00000000 00000000 00000000  ......
00000e76: 00000000 00000000 00000000 00000000 00000000 00000000  ......
00000e7c: 00000000 00000000 00000000 00000000 00000000 00000000  ......
00000e82: 00000000 00000000 00000000 00000000 00000000 00000000  ......
00000e88: 00000000 00000000 00000000 00000000 00000000 00000000  ......
00000e8e: 00000000 00000000 00000000 00000000 00000000 00000000  ......
00000e94: 00000000 00000000 00000000 00000000 00000000 00000000  ......
00000e9a: 00000000 00000000 00000000 00000000 00000000 00000000  ......
00000ea0: 00000000 00000000 00000000 00000000 00000000 00000000  ......
00000ea6: 00000000 00000000 00000000 00000000 00000000 00000000  ......
00000eac: 00000000 00000000 00000000 00000000 00000000 00000000  ......
00000eb2: 00000000 00000000 00000000 00000000 00000000 00000000  ......
00000eb8: 00000000 00000000 00000000 00000000 00000000 00000000  ......
00000ebe: 00000000 00000000 00000000 00000000 00000000 00000000  ......
00000ec4: 00000000 00000000 00000000 00000000 00000000 00000000  ......
00000eca: 00000000 00000000 00000000 00000000 00000000 00000000  ......
00000ed0: 00000000 00000000 00000000 00000000 00000000 00000000  ......
00000ed6: 00000000 00000000 00000000 00000000 00000000 00000000  ......
00000edc: 00000000 00000000 00000000 00000000 00000000 00000000  ......
00000ee2: 00000000 00000000 00000000 00000000 00000000 00000000  ......
00000ee8: 00000000 00000000 00000000 00000000 00000000 00000000  ......
00000eee: 00000000 00000000 00000000 00000000 00000000 00000000  ......
00000ef4: 00000000 00000000 00000000 00000000 00000000 00000000  ......
00000efa: 00000000 00000000 00000000 00000000 00000000 00000000  ......
00000f00: 00000000 00000000 00000000 00000000 00000000 00000000  ......
00000f06: 00000000 00000000 00000000 00000000 00000000 00000000  ......
00000f0c: 00000000 00000000 00000000 00000000 00000000 00000000  ......
00000f12: 00000000 00000000 00000000 00000000 00000000 00000000  ......
00000f18: 00000000 00000000 00000000 00000000 00000000 00000000  ......
00000f1e: 00000000 00000000 00000000 00000000 00000000 00000000  ......
00000f24: 00000000 00000000 00000000 00000000 00000000 00000000  ......
00000f2a: 00000000 00000000 00000000 00000000 00000000 00000000  ......
00000f30: 00000000 00000000 00000000 00000000 00000000 00000000  ......
00000f36: 00000000 00000000 00000000 00000000 00000000 00000000  ......
00000f3c: 00000000 00000000 00000000 00000000 00000000 00000000  ......
00000f42: 00000000 00000000 00000000 00000000 00000000 00000000  ......
00000f48: 00000000 00000000 00000000 00000000 00000000 00000000  ......
00000f4e: 00000000 00000000 00000000 00000000 00000000 00000000  ......
00000f54: 00000000 00000000 00000000 00000000 00000000 00000000  ......
00000f5a: 00000000 00000000 00000000 00000000 00000000 00000000  ......
00000f60: 00000000 00000000 00000000 00000000 00000000 00000000  ......
00000f66: 00000000 00000000 00000000 00000000 00000000 00000000  ......
00000f6c: 00000000 00000000 00000000 00000000 00000000 00000000  ......
00000f72: 00000000 00000000 00000000 00000000 00000000 00000000  ......
00000f78: 00000000 00000000 00000000 00000000 00000000 00000000  ......
00000f7e: 00000000 00000000 00000000 00000000 00000000 00000000  ......
00000f84: 00000000 00000000 00000000 00000000 00000000 00000000  ......
00000f8a: 00000000 00000000 00000000 00000000 00000000 00000000  ......
00000f90: 00000000 00000000 00000000 00000000 00000000 00000000  ......
00000f96: 00000000 00000000 00000000 00000000 00000000 00000000  ......
00000f9c: 00000000 00000000 00000000 00000000 00000000 00000000  ......
00000fa2: 00000000 00000000 00000000 00000000 00000000 00000000  ......
00000fa8: 00000000 00000000 00000000 00000000 00000000 00000000  ......
00000fae: 00000000 00000000 00000000 00000000 00000000 00000000  ......
00000fb4: 00000000 00000000 00000000 00000000 00000000 00000000  ......
00000fba: 00000000 00000000 00000000 00000000 00000000 00000000  ......
00000fc0: 10101011 00001111 00000000 00000101 01000010 00000000  ....B.
00000fc6: 00000000 00000000 00000000 00000000 00000000 00000000  ......
00000fcc: 00000000 00000000 00000000 00000000 00000000 00000000  ......
00000fd2: 00000000 00000000 00000000 00000000 00000000 00000000  ......
00000fd8: 00000000 00000000 00000000 00000000 00000000 00000000  ......
00000fde: 00000000 00000000 00000000 00000000 00000000 00000000  ......
00000fe4: 00000000 00000000 00000000 00000000 00000000 00000000  ......
00000fea: 00000000 00000000 00000000 00000000 00000000 00000000  ......
00000ff0: 00000000 00000000 00000000 00000000 00000000 00000000  ......
00000ff6: 00000000 00000000 00000000 00000000 00000000 00000000  ......
00000ffc: 00000000 00000000 00000000 00000000 00000000 00000000  ......
00001002: 00000000 00000000 00000000 00000000 00000000 00000000  ......
00001008: 00000000 00000000 00000000 00000000 00000000 00000000  ......
0000100e: 00000000 00000000 00000000 00000000 00000000 00000000  ......
00001014: 00000000 00000000 00000000 00000000 00000000 00000000  ......
0000101a: 00000000 00000000 00000000 00000000 00000000 00000000  ......
00001020: 00000000 00000000 00000000 00000000 00000000 00000000  ......
00001026: 00000000 00000000 00000000 00000000 00000000 00000000  ......
0000102c: 00000000 00000000 00000000 00000000 00000000 00000000  ......
00001032: 00000000 00000000 00000000 00000000 00000000 00000000  ......
00001038: 00000000 00000000 00000000 00000000 00000000 00000000  ......
0000103e: 00000000 00000000 00000000 00000000 00000000 00000000  ......
00001044: 00000000 00000000 00000000 00000000 00000000 00000000  ......
0000104a: 00000000 00000000 00000000 00000000 00000000 00000000  ......
00001050: 00000000 00000000 00000000 00000000 00000000 00000000  ......
00001056: 00000000 00000000 00000000 00000000 00000000 00000000  ......
0000105c: 00000000 00000000 00000000 00000000 00000000 00000000  ......
00001062: 00000000 00000000 00000000 00000000 00000000 00000000  ......
00001068: 00000000 00000000 00000000 00000000 00000000 00000000  ......
0000106e: 00000000 00000000 00000000 00000000 00000000 00000000  ......
00001074: 00000000 00000000 00000000 00000000 00000000 00000000  ......
0000107a: 00000000 00000000 00000000 00000000 00000000 00000000  ......
00001080: 00000000 00000000 00000000 00000000 00000000 00000000  ......
00001086: 00000000 00000000 00000000 00000000 00000000 00000000  ......
0000108c: 00000000 00000000 00000000 00000000 00000000 00000000  ......
00001092: 00000000 00000000 00000000 00000000 00000000 00000000  ......
00001098: 00000000 00000000 00000000 00000000 00000000 00000000  ......
0000109e: 00000000 00000000 00000000 00000000 00000000 00000000  ......
000010a4: 00000000 00000000 00000000 00000000 00000000 00000000  ......
000010aa: 00000000 00000000 00000000 00000000 00000000 00000000  ......
000010b0: 00000000 00000000 00000000 00000000 00000000 00000000  ......
000010b6: 00000000 00000000 00000000 00000000 00000000 00000000  ......
000010bc: 00000000 00000000 00000000 00000000 00000000 00000000  ......
000010c2: 00000000 00000000 00000000 00000000 00000000 00000000  ......
000010c8: 00000000 00000000 00000000 00000000 00000000 00000000  ......
000010ce: 00000000 00000000 00000000 00000000 00000000 00000000  ......
000010d4: 00000000 00000000 00000000 00000000 00000000 00000000  ......
000010da: 00000000 00000000 00000000 00000000 00000000 00000000  ......
000010e0: 00000000 00000000 00000000 00000000 00000000 00000000  ......
000010e6: 00000000 00000000 00000000 00000000 00000000 00000000  ......
000010ec: 00000000 00000000 00000000 00000000 00000000 00000000  ......
000010f2: 00000000 00000000 00000000 00000000 00000000 00000000  ......
000010f8: 00000000 00000000 00000000 00000000 00000000 00000000  ......
000010fe: 00000000 00000000 00000000 00000000 00000000 00000000  ......
00001104: 00000000 00000000 00000000 00000000 00000000 00000000  ......
0000110a: 00000000 00000000 00000000 00000000 00000000 00000000  ......
00001110: 00000000 00000000 00000000 00000000 00000000 00000000  ......
00001116: 00000000 00000000 00000000 00000000 00000000 00000000  ......
0000111c: 00000000 00000000 00000000 00000000 00000000 00000000  ......
00001122: 00000000 00000000 00000000 00000000 00000000 00000000  ......
00001128: 00000000 00000000 00000000 00000000 00000000 00000000  ......
0000112e: 00000000 00000000 00000000 00000000 00000000 00000000  ......
00001134: 00000000 00000000 00000000 00000000 00000000 00000000  ......
0000113a: 00000000 00000000 00000000 00000000 00000000 00000000  ......
00001140: 00000000 00000000 00000000 00000000 00000000 00000000  ......
00001146: 00000000 00000000 00000000 00000000 00000000 00000000  ......
0000114c: 00000000 00000000 00000000 00000000 00000000 00000000  ......
00001152: 00000000 00000000 00000000 00000000 00000000 00000000  ......
00001158: 00000000 00000000 00000000 00000000 00000000 00000000  ......
0000115e: 00000000 00000000 00000000 00000000 00000000 00000000  ......
00001164: 00000000 00000000 00000000 00000000 00000000 00000000  ......
0000116a: 00000000 00000000 00000000 00000000 00000000 00000000  ......
00001170: 00000000 00000000 00000000 00000000 00000000 00000000  ......
00001176: 00000000 00000000 00000000 00000000 00000000 00000000  ......
0000117c: 00000000 00000000 00000000 00000000 00000000 00000000  ......
00001182: 00000000 00000000 00000000 00000000 00000000 00000000  ......
00001188: 00000000 00000000 00000000 00000000 00000000 00000000  ......
0000118e: 00000000 00000000 00000000 00000000 00000000 00000000  ......
00001194: 00000000 00000000 00000000 00000000 00000000 00000000  ......
0000119a: 00000000 00000000 00000000 00000000 00000000 00000000  ......
000011a0: 00000000 00000000 00000000 00000000 00000000 00000000  ......
000011a6: 00000000 00000000 00000000 00000000 00000000 00000000  ......
000011ac: 00000000 00000000 00000000 00000000 00000000 00000000  ......
000011b2: 00000000 00000000 00000000 00000000 00000000 00000000  ......
000011b8: 00000000 00000000 00000000 00000000 00000000 00000000  ......
000011be: 00000000 00000000 00000000 00000000 00000000 00000000  ......
000011c4: 00000000 00000000 00000000 00000000 00000000 00000000  ......
000011ca: 00000000 00000000 00000000 00000000 00000000 00000000  ......
000011d0: 00000000 00000000 00000000 00000000 00000000 00000000  ......
000011d6: 00000000 00000000 00000000 00000000 00000000 00000000  ......
000011dc: 00000000 00000000 00000000 00000000 00000000 00000000  ......
000011e2: 00000000 00000000 00000000 00000000 00000000 00000000  ......
000011e8: 00000000 00000000 00000000 00000000 00000000 00000000  ......
000011ee: 00000000 00000000 00000000 00000000 00000000 00000000  ......
000011f4: 00000000 00000000 00000000 00000000 00000000 00000000  ......
000011fa: 00000000 00000000 00000000 00000000 00000000 00000000  ......
00001200: 00000000 00000000 00000000 00000000 00000000 00000000  ......
00001206: 00000000 00000000 00000000 00000000 00000000 00000000  ......
0000120c: 00000000 00000000 00000000 00000000 00000000 00000000  ......
00001212: 00000000 00000000 00000000 00000000 00000000 00000000  ......
00001218: 00000000 00000000 00000000 00000000 00000000 00000000  ......
0000121e: 00000000 00000000 00000000 00000000 00000000 00000000  ......
00001224: 00000000 00000000 00000000 00000000 00000000 00000000  ......
0000122a: 00000000 00000000 00000000 00000000 00000000 00000000  ......
00001230: 00000000 00000000 00000000 00000000 00000000 00000000  ......
00001236: 00000000 00000000 00000000 00000000 00000000 00000000  ......
0000123c: 00000000 00000000 00000000 00000000 00000000 00000000  ......
00001242: 00000000 00000000 00000000 00000000 00000000 00000000  ......
00001248: 00000000 00000000 00000000 00000000 00000000 00000000  ......
0000124e: 00000000 00000000 00000000 00000000 00000000 00000000  ......
00001254: 00000000 00000000 00000000 00000000 00000000 00000000  ......
0000125a: 00000000 00000000 00000000 00000000 00000000 00000000  ......
00001260: 00000000 00000000 00000000 00000000 00000000 00000000  ......
00001266: 00000000 00000000 00000000 00000000 00000000 00000000  ......
0000126c: 00000000 00000000 00000000 00000000 00000000 00000000  ......
00001272: 00000000 00000000 00000000 00000000 00000000 00000000  ......
00001278: 00000000 00000000 00000000 00000000 00000000 00000000  ......
0000127e: 00000000 00000000 00000000 00000000 00000000 00000000  ......
00001284: 00000000 00000000 00000000 00000000 00000000 00000000  ......
0000128a: 00000000 00000000 00000000 00000000 00000000 00000000  ......
00001290: 00000000 00000000 00000000 00000000 00000000 00000000  ......
00001296: 00000000 00000000 00000000 00000000 00000000 00000000  ......
0000129c: 00000000 00000000 00000000 00000000 00000000 00000000  ......
000012a2: 00000000 00000000 00000000 00000000 00000000 00000000  ......
000012a8: 00000000 00000000 00000000 00000000 00000000 00000000  ......
000012ae: 00000000 00000000 00000000 00000000 00000000 00000000  ......
000012b4: 00000000 00000000 00000000 00000000 00000000 00000000  ......
000012ba: 00000000 00000000 00000000 00000000 00000000 00000000  ......
000012c0: 00000000 00000000 00000000 00000000 00000000 00000000  ......
000012c6: 00000000 00000000 00000000 00000000 00000000 00000000  ......
000012cc: 00000000 00000000 00000000 00000000 00000000 00000000  ......
000012d2: 00000000 00000000 00000000 00000000 00000000 00000000  ......
000012d8: 00000000 00000000 00000000 00000000 00000000 00000000  ......
000012de: 00000000 00000000 00000000 00000000 00000000 00000000  ......
000012e4: 00000000 00000000 00000000 00000000 00000000 00000000  ......
000012ea: 00000000 00000000 00000000 00000000 00000000 00000000  ......
000012f0: 00000000 00000000 00000000 00000000 00000000 00000000  ......
000012f6: 00000000 00000000 00000000 00000000 00000000 00000000  ......
000012fc: 00000000 00000000 00000000 00000000 00000000 00000000  ......
00001302: 00000000 00000000 00000000 00000000 00000000 00000000  ......
00001308: 00000000 00000000 00000000 00000000 00000000 00000000  ......
0000130e: 00000000 00000000 00000000 00000000 00000000 00000000  ......
00001314: 00000000 00000000 00000000 00000000 00000000 00000000  ......
0000131a: 00000000 00000000 00000000 00000000 00000000 00000000  ......
00001320: 00000000 00000000 00000000 00000000 00000000 00000000  ......
00001326: 00000000 00000000 00000000 00000000 00000000 00000000  ......
0000132c: 00000000 00000000 00000000 00000000 00000000 00000000  ......
00001332: 00000000 00000000 00000000 00000000 00000000 00000000  ......
00001338: 00000000 00000000 00000000 00000000 00000000 00000000  ......
0000133e: 00000000 00000000 00000000 00000000 00000000 00000000  ......
00001344: 00000000 00000000 00000000 00000000 00000000 00000000  ......
0000134a: 00000000 00000000 00000000 00000000 00000000 00000000  ......
00001350: 00000000 00000000 00000000 00000000 00000000 00000000  ......
00001356: 00000000 00000000 00000000 00000000 00000000 00000000  ......
0000135c: 00000000 00000000 00000000 00000000 00000000 00000000  ......
00001362: 00000000 00000000 00000000 00000000 00000000 00000000  ......
00001368: 00000000 00000000 00000000 00000000 00000000 00000000  ......
0000136e: 00000000 00000000 00000000 00000000 00000000 00000000  ......
00001374: 00000000 00000000 00000000 00000000 00000000 00000000  ......
0000137a: 00000000 00000000 00000000 00000000 00000000 00000000  ......
00001380: 00000000 00000000 00000000 00000000 00000000 00000000  ......
00001386: 00000000 00000000 00000000 00000000 00000000 00000000  ......
0000138c: 00000000 00000000 00000000 00000000 00000000 00000000  ......
00001392: 00000000 00000000 00000000 00000000 00000000 00000000  ......
00001398: 00000000 00000000 00000000 00000000 00000000 00000000  ......
0000139e: 00000000 00000000 00000000 00000000 00000000 00000000  ......
000013a4: 00000000 00000000 00000000 00000000 00000000 00000000  ......
000013aa: 00000000 00000000 00000000 00000000 00000000 00000000  ......
000013b0: 11110011 00000011 00000000 00000010 00000000 00000000  ......
000013b6: 00000000 00000000 00000000 00000000 00000000 00000000  ......
000013bc: 00000000 00000000 00000000 00000000 00000000 00000000  ......
000013c2: 00000000 00000000 00000000 00000000 00000000 00000000  ......
000013c8: 00000000 00000000 00000000 00000000 00000000 00000000  ......
000013ce: 00000000 00000000 00000000 00000000 00000000 00000000  ......
000013d4: 00000000 00000000 00000000 00000000 00000000 00000000  ......
000013da: 00000000 00000000 00000000 00000000 00000000 00000000  ......
000013e0: 00000000 00000000 00000000 00000000 00000000 00000000  ......
000013e6: 00000000 00000000 00000000 00000000 00000000 00000000  ......
000013ec: 00000000 00000000 00000000 00000000 00000000 00000000  ......
000013f2: 00000000 00000000 00000000 00000000 00000000 00000000  ......
000013f8: 00000000 00000000 00000000 00000000 00000000 00000000  ......
000013fe: 00000000 00000000 00000000 00000000 00000000 00000000  ......
00001404: 00000000 00000000 00000000 00000000 00000000 00000000  ......
0000140a: 00000000 00000000 00000000 00000000 00000000 00000000  ......
00001410: 00000000 00000000 00000000 00000000 00000000 00000000  ......
00001416: 00000000 00000000 00000000 00000000 00000000 00000000  ......
0000141c: 00000000 00000000 00000000 00000000 00000000 00000000  ......
00001422: 00000000 00000000 00000000 00000000 00000000 00000000  ......
00001428: 00000000 00000000 00000000 00000000 00000000 00000000  ......
0000142e: 00000000 00000000 00000000 00000000 00000000 00000000  ......
00001434: 00000000 00000000 00000000 00000000 00000000 00000000  ......
0000143a: 00000000 00000000 00000000 00000000 00000000 00000000  ......
00001440: 00000000 00000000 00000000 00000000 00000000 00000000  ......
00001446: 00000000 00000000 00000000 00000000 00000000 00000000  ......
0000144c: 00000000 00000000 00000000 00000000 00000000 00000000  ......
00001452: 00000000 00000000 00000000 00000000 00000000 00000000  ......
00001458: 00000000 00000000 00000000 00000000 00000000 00000000  ......
0000145e: 00000000 00000000 00000000 00000000 00000000 00000000  ......
00001464: 00000000 00000000 00000000 00000000 00000000 00000000  ......
0000146a: 00000000 00000000 00000000 00000000 00000000 00000000  ......
00001470: 00000000 00000000 00000000 00000000 00000000 00000000  ......
00001476: 00000000 00000000 00000000 00000000 00000000 00000000  ......
0000147c: 00000000 00000000 00000000 00000000 00000000 00000000  ......
00001482: 00000000 00000000 00000000 00000000 00000000 00000000  ......
00001488: 00000000 00000000 00000000 00000000 00000000 00000000  ......
0000148e: 00000000 00000000 00000000 00000000 00000000 00000000  ......
00001494: 00000000 00000000 00000000 00000000 00000000 00000000  ......
0000149a: 00000000 00000000 00000000 00000000 00000000 00000000  ......
000014a0: 00000000 00000000 00000000 00000000 00000000 00000000  ......
000014a6: 00000000 00000000 00000000 00000000 00000000 00000000  ......
000014ac: 00000000 00000000 00000000 00000000 00000000 00000000  ......
000014b2: 00000000 00000000 00000000 00000000 00000000 00000000  ......
000014b8: 00000000 00000000 00000000 00000000 00000000 00000000  ......
000014be: 00000000 00000000 00000000 00000000 00000000 00000000  ......
000014c4: 00000000 00000000 00000000 00000000 00000000 00000000  ......
000014ca: 00000000 00000000 00000000 00000000 00000000 00000000  ......
000014d0: 00000000 00000000 00000000 00000000 00000000 00000000  ......
000014d6: 00000000 00000000 00000000 00000000 00000000 00000000  ......
000014dc: 00000000 00000000 00000000 00000000 00000000 00000000  ......
000014e2: 00000000 00000000 00000000 00000000 00000000 00000000  ......
000014e8: 00000000 00000000 00000000 00000000 00000000 00000000  ......
000014ee: 00000000 00000000 00000000 00000000 00000000 00000000  ......
000014f4: 00000000 00000000 00000000 00000000 00000000 00000000  ......
000014fa: 00000000 00000000 00000000 00000000 00000000 00000000  ......
00001500: 00000000 00000000 00000000 00000000 00000000 00000000  ......
00001506: 00000000 00000000 00000000 00000000 00000000 00000000  ......
0000150c: 00000000 00000000 00000000 00000000 00000000 00000000  ......
00001512: 00000000 00000000 00000000 00000000 00000000 00000000  ......
00001518: 00000000 00000000 00000000 00000000 00000000 00000000  ......
0000151e: 00000000 00000000 00000000 00000000 00000000 00000000  ......
00001524: 00000000 00000000 00000000 00000000 00000000 00000000  ......
0000152a: 00000000 00000000 00000000 00000000 00000000 00000000  ......
00001530: 00000000 00000000 00000000 00000000 00000000 00000000  ......
00001536: 00000000 00000000 00000000 00000000 00000000 00000000  ......
0000153c: 00000000 00000000 00000000 00000000 00000000 00000000  ......
00001542: 00000000 00000000 00000000 00000000 00000000 00000000  ......
00001548: 00000000 00000000 00000000 00000000 00000000 00000000  ......
0000154e: 00000000 00000000 00000000 00000000 00000000 00000000  ......
00001554: 00000000 00000000 00000000 00000000 00000000 00000000  ......
0000155a: 00000000 00000000 00000000 00000000 00000000 00000000  ......
00001560: 00000000 00000000 00000000 00000000 00000000 00000000  ......
00001566: 00000000 00000000 00000000 00000000 00000000 00000000  ......
0000156c: 00000000 00000000 00000000 00000000 00000000 00000000  ......
00001572: 00000000 00000000 00000000 00000000 00000000 00000000  ......
00001578: 00000000 00000000 00000000 00000000 00000000 00000000  ......
0000157e: 00000000 00000000 00000000 00000000 00000000 00000000  ......
00001584: 00000000 00000000 00000000 00000000 00000000 00000000  ......
0000158a: 00000000 00000000 00000000 00000000 00000000 00000000  ......
00001590: 00000000 00000000 00000000 00000000 00000000 00000000  ......
00001596: 00000000 00000000 00000000 00000000 00000000 00000000  ......
0000159c: 00000000 00000000 00000000 00000000 00000000 00000000  ......
000015a2: 00000000 00000000 00000000 00000000 00000000 00000000  ......
000015a8: 00000000 00000000 00000000 00000000 00000000 00000000  ......
000015ae: 00000000 00000000 00000000 00000000 00000000 00000000  ......
000015b4: 00000000 00000000 00000000 00000000 00000000 00000000  ......
000015ba: 00000000 00000000 00000000 00000000 00000000 00000000  ......
000015c0: 00000000 00000000 00000000 00000000 00000000 00000000  ......
000015c6: 00000000 00000000 00000000 00000000 00000000 00000000  ......
000015cc: 00000000 00000000 00000000 00000000 00000000 00000000  ......
000015d2: 00000000 00000000 00000000 00000000 00000000 00000000  ......
000015d8: 00000000 00000000 00000000 00000000 00000000 00000000  ......
000015de: 00000000 00000000 00000000 00000000 00000000 00000000  ......
000015e4: 00000000 00000000 00000000 00000000 00000000 00000000  ......
000015ea: 00000000 00000000 00000000 00000000 00000000 00000000  ......
000015f0: 00000000 00000000 00000000 00000000 00000000 00000000  ......
000015f6: 00000000 00000000 00000000 00000000 00000000 00000000  ......
000015fc: 00000000 00000000 00000000 00000000 00000000 00000000  ......
00001602: 00000000 00000000 00000000 00000000 00000000 00000000  ......
00001608: 00000000 00000000 00000000 00000000 00000000 00000000  ......
0000160e: 00000000 00000000 00000000 00000000 00000000 00000000  ......
00001614: 00000000 00000000 00000000 00000000 00000000 00000000  ......
0000161a: 00000000 00000000 00000000 00000000 00000000 00000000  ......
00001620: 00000000 00000000 00000000 00000000 00000000 00000000  ......
00001626: 00000000 00000000 00000000 00000000 00000000 00000000  ......
0000162c: 00000000 00000000 00000000 00000000 00000000 00000000  ......
00001632: 00000000 00000000 00000000 00000000 00000000 00000000  ......
00001638: 00000000 00000000 00000000 00000000 00000000 00000000  ......
0000163e: 00000000 00000000 00000000 00000000 00000000 00000000  ......
00001644: 00000000 00000000 00000000 00000000 00000000 00000000  ......
0000164a: 00000000 00000000 00000000 00000000 00000000 00000000  ......
00001650: 00000000 00000000 00000000 00000000 00000000 00000000  ......
00001656: 00000000 00000000 00000000 00000000 00000000 00000000  ......
0000165c: 00000000 00000000 00000000 00000000 00000000 00000000  ......
00001662: 00000000 00000000 00000000 00000000 00000000 00000000  ......
00001668: 00000000 00000000 00000000 00000000 00000000 00000000  ......
0000166e: 00000000 00000000 00000000 00000000 00000000 00000000  ......
00001674: 00000000 00000000 00000000 00000000 00000000 00000000  ......
0000167a: 00000000 00000000 00000000 00000000 00000000 00000000  ......
00001680: 00000000 00000000 00000000 00000000 00000000 00000000  ......
00001686: 00000000 00000000 00000000 00000000 00000000 00000000  ......
0000168c: 00000000 00000000 00000000 00000000 00000000 00000000  ......
00001692: 00000000 00000000 00000000 00000000 00000000 00000000  ......
00001698: 00000000 00000000 00000000 00000000 00000000 00000000  ......
0000169e: 00000000 00000000 00000000 00000000 00000000 00000000  ......
000016a4: 00000000 00000000 00000000 00000000 00000000 00000000  ......
000016aa: 00000000 00000000 00000000 00000000 00000000 00000000  ......
000016b0: 00000000 00000000 00000000 00000000 00000000 00000000  ......
000016b6: 00000000 00000000 00000000 00000000 00000000 00000000  ......
000016bc: 00000000 00000000 00000000 00000000 00000000 00000000  ......
000016c2: 00000000 00000000 00000000 00000000 00000000 00000000  ......
000016c8: 00000000 00000000 00000000 00000000 00000000 00000000  ......
000016ce: 00000000 00000000 00000000 00000000 00000000 00000000  ......
000016d4: 00000000 00000000 00000000 00000000 00000000 00000000  ......
000016da: 00000000 00000000 00000000 00000000 00000000 00000000  ......
000016e0: 00000000 00000000 00000000 00000000 00000000 00000000  ......
000016e6: 00000000 00000000 00000000 00000000 00000000 00000000  ......
000016ec: 00000000 00000000 00000000 00000000 00000000 00000000  ......
000016f2: 00000000 00000000 00000000 00000000 00000000 00000000  ......
000016f8: 00000000 00000000 00000000 00000000 00000000 00000000  ......
000016fe: 00000000 00000000 00000000 00000000 00000000 00000000  ......
00001704: 00000000 00000000 00000000 00000000 00000000 00000000  ......
0000170a: 00000000 00000000 00000000 00000000 00000000 00000000  ......
00001710: 00000000 00000000 00000000 00000000 00000000 00000000  ......
00001716: 00000000 00000000 00000000 00000000 00000000 00000000  ......
0000171c: 00000000 00000000 00000000 00000000 00000000 00000000  ......
00001722: 00000000 00000000 00000000 00000000 00000000 00000000  ......
00001728: 00000000 00000000 00000000 00000000 00000000 00000000  ......
0000172e: 00000000 00000000 00000000 00000000 00000000 00000000  ......
00001734: 00000000 00000000 00000000 00000000 00000000 00000000  ......
0000173a: 00000000 00000000 00000000 00000000 00000000 00000000  ......
00001740: 00000000 00000000 00000000 00000000 00000000 00000000  ......
00001746: 00000000 00000000 00000000 00000000 00000000 00000000  ......
0000174c: 00000000 00000000 00000000 00000000 00000000 00000000  ......
00001752: 00000000 00000000 00000000 00000000 00000000 00000000  ......
00001758: 00000000 00000000 00000000 00000000 00000000 00000000  ......
0000175e: 00000000 00000000 00000000 00000000 00000000 00000000  ......
00001764: 00000000 00000000 00000000 00000000 00000000 00000000  ......
0000176a: 00000000 00000000 00000000 00000000 00000000 00000000  ......
00001770: 00000000 00000000 00000000 00000000 00000000 00000000  ......
00001776: 00000000 00000000 00000000 00000000 00000000 00000000  ......
0000177c: 00000000 00000000 00000000 00000000 00000000 00000000  ......
00001782: 00000000 00000000 00000000 00000000 00000000 00000000  ......
00001788: 00000000 00000000 00000000 00000000 00000000 00000000  ......
0000178e: 00000000 00000000 00000000 00000000 00000000 00000000  ......
00001794: 00000000 00000000 00000000 00000000 00000000 00000000  ......
0000179a: 00000000 00000000 00000000 00000000 00000000 00000000  ......
000017a0: 11110011 00000011 00000000 00000011 00000000 00000000  ......
000017a6: 00000000 00000000 00000000 00000000 00000000 00000000  ......
000017ac: 00000000 00000000 00000000 00000000 00000000 00000000  ......
000017b2: 00000000 00000000 00000000 00000000 00000000 00000000  ......
000017b8: 00000000 00000000 00000000 00000000 00000000 00000000  ......
000017be: 00000000 00000000 00000000 00000000 00000000 00000000  ......
000017c4: 00000000 00000000 00000000 00000000 00000000 00000000  ......
000017ca: 00000000 00000000 00000000 00000000 00000000 00000000  ......
000017d0: 00000000 00000000 00000000 00000000 00000000 00000000  ......
000017d6: 00000000 00000000 00000000 00000000 00000000 00000000  ......
000017dc: 00000000 00000000 00000000 00000000 00000000 00000000  ......
000017e2: 00000000 00000000 00000000 00000000 00000000 00000000  ......
000017e8: 00000000 00000000 00000000 00000000 00000000 00000000  ......
000017ee: 00000000 00000000 00000000 00000000 00000000 00000000  ......
000017f4: 00000000 00000000 00000000 00000000 00000000 00000000  ......
000017fa: 00000000 00000000 00000000 00000000 00000000 00000000  ......
00001800: 00000000 00000000 00000000 00000000 00000000 00000000  ......
00001806: 00000000 00000000 00000000 00000000 00000000 00000000  ......
0000180c: 00000000 00000000 00000000 00000000 00000000 00000000  ......
00001812: 00000000 00000000 00000000 00000000 00000000 00000000  ......
00001818: 00000000 00000000 00000000 00000000 00000000 00000000  ......
0000181e: 00000000 00000000 00000000 00000000 00000000 00000000  ......
00001824: 00000000 00000000 00000000 00000000 00000000 00000000  ......
0000182a: 00000000 00000000 00000000 00000000 00000000 00000000  ......
00001830: 00000000 00000000 00000000 00000000 00000000 00000000  ......
00001836: 00000000 00000000 00000000 00000000 00000000 00000000  ......
0000183c: 00000000 00000000 00000000 00000000 00000000 00000000  ......
00001842: 00000000 00000000 00000000 00000000 00000000 00000000  ......
00001848: 00000000 00000000 00000000 00000000 00000000 00000000  ......
0000184e: 00000000 00000000 00000000 00000000 00000000 00000000  ......
00001854: 00000000 00000000 00000000 00000000 00000000 00000000  ......
0000185a: 00000000 00000000 00000000 00000000 00000000 00000000  ......
00001860: 00000000 00000000 00000000 00000000 00000000 00000000  ......
00001866: 00000000 00000000 00000000 00000000 00000000 00000000  ......
0000186c: 00000000 00000000 00000000 00000000 00000000 00000000  ......
00001872: 00000000 00000000 00000000 00000000 00000000 00000000  ......
00001878: 00000000 00000000 00000000 00000000 00000000 00000000  ......
0000187e: 00000000 00000000 00000000 00000000 00000000 00000000  ......
00001884: 00000000 00000000 00000000 00000000 00000000 00000000  ......
0000188a: 00000000 00000000 00000000 00000000 00000000 00000000  ......
00001890: 00000000 00000000 00000000 00000000 00000000 00000000  ......
00001896: 00000000 00000000 00000000 00000000 00000000 00000000  ......
0000189c: 00000000 00000000 00000000 00000000 00000000 00000000  ......
000018a2: 00000000 00000000 00000000 00000000 00000000 00000000  ......
000018a8: 00000000 00000000 00000000 00000000 00000000 00000000  ......
000018ae: 00000000 00000000 00000000 00000000 00000000 00000000  ......
000018b4: 00000000 00000000 00000000 00000000 00000000 00000000  ......
000018ba: 00000000 00000000 00000000 00000000 00000000 00000000  ......
000018c0: 00000000 00000000 00000000 00000000 00000000 00000000  ......
000018c6: 00000000 00000000 00000000 00000000 00000000 00000000  ......
000018cc: 00000000 00000000 00000000 00000000 00000000 00000000  ......
000018d2: 00000000 00000000 00000000 00000000 00000000 00000000  ......
000018d8: 00000000 00000000 00000000 00000000 00000000 00000000  ......
000018de: 00000000 00000000 00000000 00000000 00000000 00000000  ......
000018e4: 00000000 00000000 00000000 00000000 00000000 00000000  ......
000018ea: 00000000 00000000 00000000 00000000 00000000 00000000  ......
000018f0: 00000000 00000000 00000000 00000000 00000000 00000000  ......
000018f6: 00000000 00000000 00000000 00000000 00000000 00000000  ......
000018fc: 00000000 00000000 00000000 00000000 00000000 00000000  ......
00001902: 00000000 00000000 00000000 00000000 00000000 00000000  ......
00001908: 00000000 00000000 00000000 00000000 00000000 00000000  ......
0000190e: 00000000 00000000 00000000 00000000 00000000 00000000  ......
00001914: 00000000 00000000 00000000 00000000 00000000 00000000  ......
0000191a: 00000000 00000000 00000000 00000000 00000000 00000000  ......
00001920: 00000000 00000000 00000000 00000000 00000000 00000000  ......
00001926: 00000000 00000000 00000000 00000000 00000000 00000000  ......
0000192c: 00000000 00000000 00000000 00000000 00000000 00000000  ......
00001932: 00000000 00000000 00000000 00000000 00000000 00000000  ......
00001938: 00000000 00000000 00000000 00000000 00000000 00000000  ......
0000193e: 00000000 00000000 00000000 00000000 00000000 00000000  ......
00001944: 00000000 00000000 00000000 00000000 00000000 00000000  ......
0000194a: 00000000 00000000 00000000 00000000 00000000 00000000  ......
00001950: 00000000 00000000 00000000 00000000 00000000 00000000  ......
00001956: 00000000 00000000 00000000 00000000 00000000 00000000  ......
0000195c: 00000000 00000000 00000000 00000000 00000000 00000000  ......
00001962: 00000000 00000000 00000000 00000000 00000000 00000000  ......
00001968: 00000000 00000000 00000000 00000000 00000000 00000000  ......
0000196e: 00000000 00000000 00000000 00000000 00000000 00000000  ......
00001974: 00000000 00000000 00000000 00000000 00000000 00000000  ......
0000197a: 00000000 00000000 00000000 00000000 00000000 00000000  ......
00001980: 00000000 00000000 00000000 00000000 00000000 00000000  ......
00001986: 00000000 00000000 00000000 00000000 00000000 00000000  ......
0000198c: 00000000 00000000 00000000 00000000 00000000 00000000  ......
00001992: 00000000 00000000 00000000 00000000 00000000 00000000  ......
00001998: 00000000 00000000 00000000 00000000 00000000 00000000  ......
0000199e: 00000000 00000000 00000000 00000000 00000000 00000000  ......
000019a4: 00000000 00000000 00000000 00000000 00000000 00000000  ......
000019aa: 00000000 00000000 00000000 00000000 00000000 00000000  ......
000019b0: 00000000 00000000 00000000 00000000 00000000 00000000  ......
000019b6: 00000000 00000000 00000000 00000000 00000000 00000000  ......
000019bc: 00000000 00000000 00000000 00000000 00000000 00000000  ......
000019c2: 00000000 00000000 00000000 00000000 00000000 00000000  ......
000019c8: 00000000 00000000 00000000 00000000 00000000 00000000  ......
000019ce: 00000000 00000000 00000000 00000000 00000000 00000000  ......
000019d4: 00000000 00000000 00000000 00000000 00000000 00000000  ......
000019da: 00000000 00000000 00000000 00000000 00000000 00000000  ......
000019e0: 00000000 00000000 00000000 00000000 00000000 00000000  ......
000019e6: 00000000 00000000 00000000 00000000 00000000 00000000  ......
000019ec: 00000000 00000000 00000000 00000000 00000000 00000000  ......
000019f2: 00000000 00000000 00000000 00000000 00000000 00000000  ......
000019f8: 00000000 00000000 00000000 00000000 00000000 00000000  ......
000019fe: 00000000 00000000 00000000 00000000 00000000 00000000  ......
00001a04: 00000000 00000000 00000000 00000000 00000000 00000000  ......
00001a0a: 00000000 00000000 00000000 00000000 00000000 00000000  ......
00001a10: 00000000 00000000 00000000 00000000 00000000 00000000  ......
00001a16: 00000000 00000000 00000000 00000000 00000000 00000000  ......
00001a1c: 00000000 00000000 00000000 00000000 00000000 00000000  ......
00001a22: 00000000 00000000 00000000 00000000 00000000 00000000  ......
00001a28: 00000000 00000000 00000000 00000000 00000000 00000000  ......
00001a2e: 00000000 00000000 00000000 00000000 00000000 00000000  ......
00001a34: 00000000 00000000 00000000 00000000 00000000 00000000  ......
00001a3a: 00000000 00000000 00000000 00000000 00000000 00000000  ......
00001a40: 00000000 00000000 00000000 00000000 00000000 00000000  ......
00001a46: 00000000 00000000 00000000 00000000 00000000 00000000  ......
00001a4c: 00000000 00000000 00000000 00000000 00000000 00000000  ......
00001a52: 00000000 00000000 00000000 00000000 00000000 00000000  ......
00001a58: 00000000 00000000 00000000 00000000 00000000 00000000  ......
00001a5e: 00000000 00000000 00000000 00000000 00000000 00000000  ......
00001a64: 00000000 00000000 00000000 00000000 00000000 00000000  ......
00001a6a: 00000000 00000000 00000000 00000000 00000000 00000000  ......
00001a70: 00000000 00000000 00000000 00000000 00000000 00000000  ......
00001a76: 00000000 00000000 00000000 00000000 00000000 00000000  ......
00001a7c: 00000000 00000000 00000000 00000000 00000000 00000000  ......
00001a82: 00000000 00000000 00000000 00000000 00000000 00000000  ......
00001a88: 00000000 00000000 00000000 00000000 00000000 00000000  ......
00001a8e: 00000000 00000000 00000000 00000000 00000000 00000000  ......
00001a94: 00000000 00000000 00000000 00000000 00000000 00000000  ......
00001a9a: 00000000 00000000 00000000 00000000 00000000 00000000  ......
00001aa0: 00000000 00000000 00000000 00000000 00000000 00000000  ......
00001aa6: 00000000 00000000 00000000 00000000 00000000 00000000  ......
00001aac: 00000000 00000000 00000000 00000000 00000000 00000000  ......
00001ab2: 00000000 00000000 00000000 00000000 00000000 00000000  ......
00001ab8: 00000000 00000000 00000000 00000000 00000000 00000000  ......
00001abe: 00000000 00000000 00000000 00000000 00000000 00000000  ......
00001ac4: 00000000 00000000 00000000 00000000 00000000 00000000  ......
00001aca: 00000000 00000000 00000000 00000000 00000000 00000000  ......
00001ad0: 00000000 00000000 00000000 00000000 00000000 00000000  ......
00001ad6: 00000000 00000000 00000000 00000000 00000000 00000000  ......
00001adc: 00000000 00000000 00000000 00000000 00000000 00000000  ......
00001ae2: 00000000 00000000 00000000 00000000 00000000 00000000  ......
00001ae8: 00000000 00000000 00000000 00000000 00000000 00000000  ......
00001aee: 00000000 00000000 00000000 00000000 00000000 00000000  ......
00001af4: 00000000 00000000 00000000 00000000 00000000 00000000  ......
00001afa: 00000000 00000000 00000000 00000000 00000000 00000000  ......
00001b00: 00000000 00000000 00000000 00000000 00000000 00000000  ......
00001b06: 00000000 00000000 00000000 00000000 00000000 00000000  ......
00001b0c: 00000000 00000000 00000000 00000000 00000000 00000000  ......
00001b12: 00000000 00000000 00000000 00000000 00000000 00000000  ......
00001b18: 00000000 00000000 00000000 00000000 00000000 00000000  ......
00001b1e: 00000000 00000000 00000000 00000000 00000000 00000000  ......
00001b24: 00000000 00000000 00000000 00000000 00000000 00000000  ......
00001b2a: 00000000 00000000 00000000 00000000 00000000 00000000  ......
00001b30: 00000000 00000000 00000000 00000000 00000000 00000000  ......
00001b36: 00000000 00000000 00000000 00000000 00000000 00000000  ......
00001b3c: 00000000 00000000 00000000 00000000 00000000 00000000  ......
00001b42: 00000000 00000000 00000000 00000000 00000000 00000000  ......
00001b48: 00000000 00000000 00000000 00000000 00000000 00000000  ......
00001b4e: 00000000 00000000 00000000 00000000 00000000 00000000  ......
00001b54: 00000000 00000000 00000000 00000000 00000000 00000000  ......
00001b5a: 00000000 00000000 00000000 00000000 00000000 00000000  ......
00001b60: 00000000 00000000 00000000 00000000 00000000 00000000  ......
00001b66: 00000000 00000000 00000000 00000000 00000000 00000000  ......
00001b6c: 00000000 00000000 00000000 00000000 00000000 00000000  ......
00001b72: 00000000 00000000 00000000 00000000 00000000 00000000  ......
00001b78: 00000000 00000000 00000000 00000000 00000000 00000000  ......
00001b7e: 00000000 00000000 00000000 00000000 00000000 00000000  ......
00001b84: 00000000 00000000 00000000 00000000 00000000 00000000  ......
00001b8a: 00000000 00000000 00000000 00000000 00000000 00000000  ......
00001b90: 11110011 00000011 00000000 00000100 00000000 00000000  ......
00001b96: 00000000 00000000 00000000 00000000 00000000 00000000  ......
00001b9c: 00000000 00000000 00000000 00000000 00000000 00000000  ......
00001ba2: 00000000 00000000 00000000 00000000 00000000 00000000  ......
00001ba8: 00000000 00000000 00000000 00000000 00000000 00000000  ......
00001bae: 00000000 00000000 00000000 00000000 00000000 00000000  ......
00001bb4: 00000000 00000000 00000000 00000000 00000000 00000000  ......
00001bba: 00000000 00000000 00000000 00000000 00000000 00000000  ......
00001bc0: 00000000 00000000 00000000 00000000 00000000 00000000  ......
00001bc6: 00000000 00000000 00000000 00000000 00000000 00000000  ......
00001bcc: 00000000 00000000 00000000 00000000 00000000 00000000  ......
00001bd2: 00000000 00000000 00000000 00000000 00000000 00000000  ......
00001bd8: 00000000 00000000 00000000 00000000 00000000 00000000  ......
00001bde: 00000000 00000000 00000000 00000000 00000000 00000000  ......
00001be4: 00000000 00000000 00000000 00000000 00000000 00000000  ......
00001bea: 00000000 00000000 00000000 00000000 00000000 00000000  ......
00001bf0: 00000000 00000000 00000000 00000000 00000000 00000000  ......
00001bf6: 00000000 00000000 00000000 00000000 00000000 00000000  ......
00001bfc: 00000000 00000000 00000000 00000000 00000000 00000000  ......
00001c02: 00000000 00000000 00000000 00000000 00000000 00000000  ......
00001c08: 00000000 00000000 00000000 00000000 00000000 00000000  ......
00001c0e: 00000000 00000000 00000000 00000000 00000000 00000000  ......
00001c14: 00000000 00000000 00000000 00000000 00000000 00000000  ......
00001c1a: 00000000 00000000 00000000 00000000 00000000 00000000  ......
00001c20: 00000000 00000000 00000000 00000000 00000000 00000000  ......
00001c26: 00000000 00000000 00000000 00000000 00000000 00000000  ......
00001c2c: 00000000 00000000 00000000 00000000 00000000 00000000  ......
00001c32: 00000000 00000000 00000000 00000000 00000000 00000000  ......
00001c38: 00000000 00000000 00000000 00000000 00000000 00000000  ......
00001c3e: 00000000 00000000 00000000 00000000 00000000 00000000  ......
00001c44: 00000000 00000000 00000000 00000000 00000000 00000000  ......
00001c4a: 00000000 00000000 00000000 00000000 00000000 00000000  ......
00001c50: 00000000 00000000 00000000 00000000 00000000 00000000  ......
00001c56: 00000000 00000000 00000000 00000000 00000000 00000000  ......
00001c5c: 00000000 00000000 00000000 00000000 00000000 00000000  ......
00001c62: 00000000 00000000 00000000 00000000 00000000 00000000  ......
00001c68: 00000000 00000000 00000000 00000000 00000000 00000000  ......
00001c6e: 00000000 00000000 00000000 00000000 00000000 00000000  ......
00001c74: 00000000 00000000 00000000 00000000 00000000 00000000  ......
00001c7a: 00000000 00000000 00000000 00000000 00000000 00000000  ......
00001c80: 00000000 00000000 00000000 00000000 00000000 00000000  ......
00001c86: 00000000 00000000 00000000 00000000 00000000 00000000  ......
00001c8c: 00000000 00000000 00000000 00000000 00000000 00000000  ......
00001c92: 00000000 00000000 00000000 00000000 00000000 00000000  ......
00001c98: 00000000 00000000 00000000 00000000 00000000 00000000  ......
00001c9e: 00000000 00000000 00000000 00000000 00000000 00000000  ......
00001ca4: 00000000 00000000 00000000 00000000 00000000 00000000  ......
00001caa: 00000000 00000000 00000000 00000000 00000000 00000000  ......
00001cb0: 00000000 00000000 00000000 00000000 00000000 00000000  ......
00001cb6: 00000000 00000000 00000000 00000000 00000000 00000000  ......
00001cbc: 00000000 00000000 00000000 00000000 00000000 00000000  ......
00001cc2: 00000000 00000000 00000000 00000000 00000000 00000000  ......
00001cc8: 00000000 00000000 00000000 00000000 00000000 00000000  ......
00001cce: 00000000 00000000 00000000 00000000 00000000 00000000  ......
00001cd4: 00000000 00000000 00000000 00000000 00000000 00000000  ......
00001cda: 00000000 00000000 00000000 00000000 00000000 00000000  ......
00001ce0: 00000000 00000000 00000000 00000000 00000000 00000000  ......
00001ce6: 00000000 00000000 00000000 00000000 00000000 00000000  ......
00001cec: 00000000 00000000 00000000 00000000 00000000 00000000  ......
00001cf2: 00000000 00000000 00000000 00000000 00000000 00000000  ......
00001cf8: 00000000 00000000 00000000 00000000 00000000 00000000  ......
00001cfe: 00000000 00000000 00000000 00000000 00000000 00000000  ......
00001d04: 00000000 00000000 00000000 00000000 00000000 00000000  ......
00001d0a: 00000000 00000000 00000000 00000000 00000000 00000000  ......
00001d10: 00000000 00000000 00000000 00000000 00000000 00000000  ......
00001d16: 00000000 00000000 00000000 00000000 00000000 00000000  ......
00001d1c: 00000000 00000000 00000000 00000000 00000000 00000000  ......
00001d22: 00000000 00000000 00000000 00000000 00000000 00000000  ......
00001d28: 00000000 00000000 00000000 00000000 00000000 00000000  ......
00001d2e: 00000000 00000000 00000000 00000000 00000000 00000000  ......
00001d34: 00000000 00000000 00000000 00000000 00000000 00000000  ......
00001d3a: 00000000 00000000 00000000 00000000 00000000 00000000  ......
00001d40: 00000000 00000000 00000000 00000000 00000000 00000000  ......
00001d46: 00000000 00000000 00000000 00000000 00000000 00000000  ......
00001d4c: 00000000 00000000 00000000 00000000 00000000 00000000  ......
00001d52: 00000000 00000000 00000000 00000000 00000000 00000000  ......
00001d58: 00000000 00000000 00000000 00000000 00000000 00000000  ......
00001d5e: 00000000 00000000 00000000 00000000 00000000 00000000  ......
00001d64: 00000000 00000000 00000000 00000000 00000000 00000000  ......
00001d6a: 00000000 00000000 00000000 00000000 00000000 00000000  ......
00001d70: 00000000 00000000 00000000 00000000 00000000 00000000  ......
00001d76: 00000000 00000000 00000000 00000000 00000000 00000000  ......
00001d7c: 00000000 00000000 00000000 00000000 00000000 00000000  ......
00001d82: 00000000 00000000 00000000 00000000 00000000 00000000  ......
00001d88: 00000000 00000000 00000000 00000000 00000000 00000000  ......
00001d8e: 00000000 00000000 00000000 00000000 00000000 00000000  ......
00001d94: 00000000 00000000 00000000 00000000 00000000 00000000  ......
00001d9a: 00000000 00000000 00000000 00000000 00000000 00000000  ......
00001da0: 00000000 00000000 00000000 00000000 00000000 00000000  ......
00001da6: 00000000 00000000 00000000 00000000 00000000 00000000  ......
00001dac: 00000000 00000000 00000000 00000000 00000000 00000000  ......
00001db2: 00000000 00000000 00000000 00000000 00000000 00000000  ......
00001db8: 00000000 00000000 00000000 00000000 00000000 00000000  ......
00001dbe: 00000000 00000000 00000000 00000000 00000000 00000000  ......
00001dc4: 00000000 00000000 00000000 00000000 00000000 00000000  ......
00001dca: 00000000 00000000 00000000 00000000 00000000 00000000  ......
00001dd0: 00000000 00000000 00000000 00000000 00000000 00000000  ......
00001dd6: 00000000 00000000 00000000 00000000 00000000 00000000  ......
00001ddc: 00000000 00000000 00000000 00000000 00000000 00000000  ......
00001de2: 00000000 00000000 00000000 00000000 00000000 00000000  ......
00001de8: 00000000 00000000 00000000 00000000 00000000 00000000  ......
00001dee: 00000000 00000000 00000000 00000000 00000000 00000000  ......
00001df4: 00000000 00000000 00000000 00000000 00000000 00000000  ......
00001dfa: 00000000 00000000 00000000 00000000 00000000 00000000  ......
00001e00: 00000000 00000000 00000000 00000000 00000000 00000000  ......
00001e06: 00000000 00000000 00000000 00000000 00000000 00000000  ......
00001e0c: 00000000 00000000 00000000 00000000 00000000 00000000  ......
00001e12: 00000000 00000000 00000000 00000000 00000000 00000000  ......
00001e18: 00000000 00000000 00000000 00000000 00000000 00000000  ......
00001e1e: 00000000 00000000 00000000 00000000 00000000 00000000  ......
00001e24: 00000000 00000000 00000000 00000000 00000000 00000000  ......
00001e2a: 00000000 00000000 00000000 00000000 00000000 00000000  ......
00001e30: 00000000 00000000 00000000 00000000 00000000 00000000  ......
00001e36: 00000000 00000000 00000000 00000000 00000000 00000000  ......
00001e3c: 00000000 00000000 00000000 00000000 00000000 00000000  ......
00001e42: 00000000 00000000 00000000 00000000 00000000 00000000  ......
00001e48: 00000000 00000000 00000000 00000000 00000000 00000000  ......
00001e4e: 00000000 00000000 00000000 00000000 00000000 00000000  ......
00001e54: 00000000 00000000 00000000 00000000 00000000 00000000  ......
00001e5a: 00000000 00000000 00000000 00000000 00000000 00000000  ......
00001e60: 00000000 00000000 00000000 00000000 00000000 00000000  ......
00001e66: 00000000 00000000 00000000 00000000 00000000 00000000  ......
00001e6c: 00000000 00000000 00000000 00000000 00000000 00000000  ......
00001e72: 00000000 00000000 00000000 00000000 00000000 00000000  ......
00001e78: 00000000 00000000 00000000 00000000 00000000 00000000  ......
00001e7e: 00000000 00000000 00000000 00000000 00000000 00000000  ......
00001e84: 00000000 00000000 00000000 00000000 00000000 00000000  ......
00001e8a: 00000000 00000000 00000000 00000000 00000000 00000000  ......
00001e90: 00000000 00000000 00000000 00000000 00000000 00000000  ......
00001e96: 00000000 00000000 00000000 00000000 00000000 00000000  ......
00001e9c: 00000000 00000000 00000000 00000000 00000000 00000000  ......
00001ea2: 00000000 00000000 00000000 00000000 00000000 00000000  ......
00001ea8: 00000000 00000000 00000000 00000000 00000000 00000000  ......
00001eae: 00000000 00000000 00000000 00000000 00000000 00000000  ......
00001eb4: 00000000 00000000 00000000 00000000 00000000 00000000  ......
00001eba: 00000000 00000000 00000000 00000000 00000000 00000000  ......
00001ec0: 00000000 00000000 00000000 00000000 00000000 00000000  ......
00001ec6: 00000000 00000000 00000000 00000000 00000000 00000000  ......
00001ecc: 00000000 00000000 00000000 00000000 00000000 00000000  ......
00001ed2: 00000000 00000000 00000000 00000000 00000000 00000000  ......
00001ed8: 00000000 00000000 00000000 00000000 00000000 00000000  ......
00001ede: 00000000 00000000 00000000 00000000 00000000 00000000  ......
00001ee4: 00000000 00000000 00000000 00000000 00000000 00000000  ......
00001eea: 00000000 00000000 00000000 00000000 00000000 00000000  ......
00001ef0: 00000000 00000000 00000000 00000000 00000000 00000000  ......
00001ef6: 00000000 00000000 00000000 00000000 00000000 00000000  ......
00001efc: 00000000 00000000 00000000 00000000 00000000 00000000  ......
00001f02: 00000000 00000000 00000000 00000000 00000000 00000000  ......
00001f08: 00000000 00000000 00000000 00000000 00000000 00000000  ......
00001f0e: 00000000 00000000 00000000 00000000 00000000 00000000  ......
00001f14: 00000000 00000000 00000000 00000000 00000000 00000000  ......
00001f1a: 00000000 00000000 00000000 00000000 00000000 00000000  ......
00001f20: 00000000 00000000 00000000 00000000 00000000 00000000  ......
00001f26: 00000000 00000000 00000000 00000000 00000000 00000000  ......
00001f2c: 00000000 00000000 00000000 00000000 00000000 00000000  ......
00001f32: 00000000 00000000 00000000 00000000 00000000 00000000  ......
00001f38: 00000000 00000000 00000000 00000000 00000000 00000000  ......
00001f3e: 00000000 00000000 00000000 00000000 00000000 00000000  ......
00001f44: 00000000 00000000 00000000 00000000 00000000 00000000  ......
00001f4a: 00000000 00000000 00000000 00000000 00000000 00000000  ......
00001f50: 00000000 00000000 00000000 00000000 00000000 00000000  ......
00001f56: 00000000 00000000 00000000 00000000 00000000 00000000  ......
00001f5c: 00000000 00000000 00000000 00000000 00000000 00000000  ......
00001f62: 00000000 00000000 00000000 00000000 00000000 00000000  ......
